0.47 0.52
0.30 0.67
0.42 0.50
0.39 0.60
0.59 0.42
0.76 0.35
0.80 0.32
0.67 0.34
0.50 0.55
0.49 0.56
0.55 0.47
0.50 0.55
0.66 0.35
0.51 0.49
0.39 0.66
0.76 0.38
0.64 0.39
0.67 0.40
0.54 0.55
0.60 0.52
0.40 0.60
0.79 0.29
0.55 0.48
0.74 0.37
0.59 0.43
0.45 0.50
0.48 0.59
0.67 0.30
0.64 0.36
0.61 0.40
0.50 0.53
0.75 0.24
0.46 0.50
0.47 0.52
0.25 0.77
0.60 0.52
0.75 0.40
0.61 0.46
0.55 0.38
0.35 0.65
0.56 0.46
0.28 0.72
0.59 0.45
0.65 0.43
0.47 0.64
0.46 0.57
0.39 0.68
0.49 0.55
0.29 0.69
0.82 0.24
0.43 0.49
0.70 0.33
0.66 0.44
0.45 0.52
0.45 0.48
0.46 0.65
0.75 0.16
0.56 0.46
0.45 0.55
0.44 0.49
0.34 0.70
0.50 0.52
0.20 0.75
0.58 0.54
0.45 0.50
0.52 0.52
0.80 0.30
0.77 0.35
0.56 0.41
0.40 0.55
0.48 0.49
0.48 0.50
0.47 0.54
0.52 0.50
0.50 0.50
0.31 0.73
0.58 0.49
0.47 0.67
0.43 0.56
0.72 0.32
0.40 0.60
0.53 0.47
0.59 0.43
0.50 0.48
0.68 0.30
0.28 0.90
0.42 0.55
0.46 0.52
0.69 0.32
0.64 0.35
0.66 0.40
0.48 0.45
0.56 0.45
0.49 0.69
0.21 0.72
0.46 0.52
0.50 0.58
0.73 0.35
0.37 0.61
0.47 0.68
0.89 0.22
0.49 0.55
0.42 0.62
0.46 0.56
0.23 0.81
0.40 0.61
0.35 0.59
0.36 0.69
0.48 0.61
0.53 0.57
0.44 0.63
0.20 0.84
0.42 0.58
0.68 0.36
0.28 0.76
0.46 0.54
0.47 0.52
0.53 0.54
0.49 0.52
0.67 0.47
0.40 0.60
0.57 0.50
0.52 0.57
0.43 0.58
0.48 0.64
0.60 0.47
0.52 0.59
0.51 0.55
0.52 0.53
0.51 0.60
0.47 0.49
0.35 0.68
0.28 0.80
0.45 0.53
0.65 0.48
0.66 0.48
0.33 0.67
0.33 0.68
0.28 0.78
0.61 0.42
0.26 0.73
0.73 0.30
0.62 0.36
0.32 0.62
0.45 0.60
0.44 0.58
0.75 0.28
0.50 0.59
0.55 0.40
0.50 0.53
0.50 0.50
0.58 0.39
0.66 0.32
0.43 0.59
0.64 0.28
0.59 0.47
0.23 0.67
0.61 0.34
0.52 0.60
0.51 0.47
0.56 0.43
0.74 0.33
0.21 0.74
0.70 0.33
0.34 0.62
0.42 0.57
0.67 0.32
0.52 0.50
0.64 0.36
0.65 0.38
0.75 0.35
0.57 0.45
0.45 0.63
0.37 0.65
0.68 0.35
0.53 0.54
0.52 0.47
0.71 0.29
0.42 0.59
0.60 0.40
0.30 0.65
0.50 0.51
0.70 0.37
0.57 0.47
0.38 0.69
0.30 0.71
0.39 0.60
0.50 0.56
0.58 0.42
0.45 0.57
0.28 0.65
0.43 0.54
0.44 0.59
0.54 0.52
0.68 0.26
0.57 0.43
0.41 0.55
0.61 0.44
0.72 0.37
0.37 0.56
0.58 0.36
0.36 0.63
0.59 0.41
0.74 0.33
0.35 0.67
0.50 0.49
0.65 0.46
0.84 0.31
0.62 0.43
0.66 0.42
0.83 0.21
0.50 0.53
0.60 0.50
0.40 0.59
0.60 0.46
0.61 0.42
0.41 0.57
0.51 0.51
0.53 0.64
0.65 0.43
0.41 0.59
0.48 0.50
0.52 0.43
0.26 0.69
0.79 0.32
0.64 0.32
0.54 0.45
0.60 0.51
0.55 0.55
0.55 0.49
0.43 0.52
0.63 0.43
0.69 0.37
0.33 0.72
0.48 0.57
0.54 0.55
0.44 0.61
0.70 0.35
0.54 0.48
0.31 0.64
0.56 0.42
0.55 0.57
0.52 0.40
0.60 0.37
0.45 0.67
0.52 0.52
0.30 0.76
0.37 0.73
0.50 0.51
0.43 0.61
0.48 0.52
0.46 0.52
0.54 0.55
0.71 0.33
0.39 0.57
0.43 0.51
0.30 0.61
0.63 0.52
0.61 0.41
0.50 0.55
0.62 0.58
0.49 0.51
0.66 0.39
0.51 0.57
0.34 0.66
0.57 0.42
0.55 0.46
0.45 0.58
0.67 0.44
0.65 0.45
0.40 0.61
0.58 0.41
0.29 0.67
0.66 0.31
0.34 0.67
0.49 0.41
0.38 0.66
0.42 0.65
0.45 0.63
0.54 0.58
0.22 0.84
0.56 0.38
0.26 0.71
0.55 0.49
0.54 0.46
0.57 0.46
0.32 0.61
0.47 0.59
0.63 0.42
0.36 0.60
0.50 0.44
0.58 0.43
0.65 0.40
0.28 0.69
0.44 0.63
0.54 0.51
0.42 0.60
0.40 0.51
0.33 0.62
0.80 0.11
0.61 0.37
0.49 0.42
0.56 0.43
0.59 0.46
0.64 0.45
0.74 0.36
0.46 0.65
0.34 0.68
0.40 0.58
0.49 0.60
0.52 0.44
0.30 0.64
0.69 0.34
0.59 0.37
0.49 0.50
0.60 0.40
0.33 0.75
0.42 0.59
0.39 0.72
0.38 0.59
0.64 0.36
0.39 0.65
0.42 0.66
0.47 0.51
0.62 0.34
0.54 0.50
0.85 0.15
0.55 0.52
0.50 0.43
0.77 0.33
0.50 0.46
0.74 0.35
0.77 0.24
0.66 0.37
0.36 0.62
0.65 0.33
0.46 0.56
0.35 0.63
0.39 0.60
0.48 0.42
0.56 0.40
0.30 0.69
0.47 0.52
0.58 0.48
0.64 0.35
0.37 0.56
0.27 0.63
0.37 0.60
0.40 0.59
0.58 0.51
0.26 0.61
0.44 0.66
0.64 0.39
0.51 0.55
0.32 0.60
0.59 0.44
0.63 0.44
0.56 0.51
0.38 0.44
0.31 0.72
0.48 0.58
0.61 0.48
0.57 0.47
0.40 0.58
0.72 0.23
0.60 0.46
0.48 0.53
0.66 0.38
0.56 0.38
0.61 0.39
0.39 0.54
0.61 0.42
0.46 0.51
0.60 0.35
0.30 0.64
0.65 0.33
0.55 0.50
0.62 0.48
0.35 0.64
0.31 0.69
0.35 0.73
0.67 0.36
0.61 0.51
0.47 0.56
0.42 0.62
0.47 0.51
0.56 0.41
0.39 0.54
0.23 0.81
0.67 0.46
0.74 0.35
0.43 0.73
0.33 0.67
0.61 0.44
0.41 0.60
0.44 0.56
0.66 0.39
0.35 0.53
0.65 0.43
0.58 0.47
0.39 0.68
0.56 0.56
0.74 0.28
0.32 0.73
0.60 0.42
0.55 0.41
0.47 0.54
0.48 0.56
0.36 0.64
0.35 0.69
0.29 0.72
0.48 0.62
0.29 0.68
0.52 0.37
0.74 0.32
0.48 0.48
0.68 0.31
0.51 0.59
0.68 0.39
0.47 0.51
0.61 0.38
0.55 0.64
0.49 0.61
0.43 0.56
0.55 0.50
0.21 0.77
0.56 0.46
0.64 0.50
0.55 0.54
0.44 0.51
0.68 0.26
0.38 0.68
0.30 0.67
0.59 0.40
0.44 0.53
0.60 0.50
0.67 0.44
0.56 0.53
0.45 0.60
0.97 0.17
0.66 0.35
0.64 0.37
0.44 0.62
0.54 0.56
0.55 0.45
0.64 0.45
0.65 0.38
0.57 0.53
0.48 0.46
0.28 0.66
0.56 0.49
0.49 0.48
0.44 0.52
0.34 0.65
0.28 0.73
0.44 0.61
0.42 0.62
0.71 0.36
0.41 0.64
0.53 0.43
0.31 0.68
0.30 0.68
0.59 0.51
0.53 0.56
0.61 0.42
0.42 0.67
0.57 0.50
0.67 0.35
0.50 0.54
0.69 0.33
0.30 0.77
0.43 0.64
0.06 0.91
0.28 0.70
0.36 0.59
0.52 0.50
0.63 0.34
0.50 0.54
0.37 0.65
0.45 0.59
0.52 0.55
0.46 0.56
0.56 0.47
0.20 0.77
0.42 0.49
0.45 0.62
0.46 0.48
0.25 0.62
0.42 0.52
0.43 0.61
0.53 0.44
0.46 0.59
0.30 0.81
0.53 0.48
0.35 0.64
0.31 0.63
0.48 0.54
0.58 0.45
0.48 0.65
0.68 0.37
0.58 0.44
0.68 0.34
0.21 0.64
0.26 0.59
0.51 0.48
0.68 0.37
0.40 0.63
0.48 0.55
0.38 0.61
0.44 0.65
0.52 0.48
0.47 0.59
0.52 0.52
0.30 0.79
0.41 0.60
0.16 0.84
0.31 0.70
0.43 0.62
0.47 0.49
0.43 0.53
0.43 0.53
0.35 0.63
0.60 0.40
0.46 0.65
0.48 0.47
0.50 0.43
0.43 0.57
0.40 0.57
0.74 0.25
0.48 0.53
0.46 0.60
0.59 0.39
0.41 0.55
0.61 0.47
0.51 0.50
0.40 0.53
0.29 0.63
0.34 0.70
0.50 0.49
0.29 0.67
0.58 0.58
0.56 0.55
0.36 0.68
0.45 0.57
0.62 0.32
0.61 0.46
0.58 0.41
0.82 0.25
0.69 0.41
0.64 0.37
0.71 0.40
0.45 0.48
0.54 0.45
0.47 0.60
0.22 0.81
0.42 0.66
0.59 0.45
0.91 0.18
0.41 0.69
0.57 0.55
0.48 0.47
0.37 0.58
0.45 0.62
0.59 0.47
0.43 0.48
0.53 0.53
0.71 0.27
0.61 0.45
0.71 0.35
0.70 0.30
0.70 0.36
0.46 0.58
0.51 0.52
0.47 0.48
0.30 0.61
0.52 0.57
0.60 0.35
0.54 0.39
0.47 0.43
0.35 0.65
0.49 0.60
0.49 0.59
0.38 0.57
0.71 0.41
0.52 0.54
0.44 0.65
0.47 0.58
0.40 0.62
0.41 0.58
0.29 0.62
0.49 0.58
0.44 0.55
0.58 0.57
0.53 0.44
0.40 0.56
0.48 0.49
0.37 0.68
0.51 0.56
0.58 0.41
0.60 0.39
0.39 0.72
0.45 0.63
0.57 0.52
0.52 0.47
0.60 0.47
0.51 0.55
0.42 0.56
0.22 0.76
0.35 0.62
0.41 0.56
0.51 0.51
0.49 0.55
0.59 0.44
0.55 0.38
0.24 0.70
0.64 0.41
0.58 0.47
0.76 0.26
0.53 0.52
0.44 0.61
0.51 0.61
0.57 0.51
0.40 0.62
0.53 0.63
0.41 0.59
0.47 0.46
0.68 0.44
0.35 0.58
0.46 0.63
0.61 0.37
0.50 0.57
0.59 0.42
0.47 0.67
0.60 0.38
0.71 0.31
0.65 0.22
0.78 0.18
0.47 0.54
0.62 0.45
0.42 0.58
0.47 0.59
0.39 0.50
0.25 0.68
0.53 0.47
0.50 0.55
0.50 0.58
0.55 0.46
0.45 0.60
0.66 0.39
0.66 0.36
0.78 0.35
0.63 0.37
0.54 0.48
0.63 0.42
0.55 0.45
0.63 0.57
0.53 0.46
0.41 0.59
0.69 0.37
0.58 0.34
0.54 0.51
0.89 0.17
0.54 0.44
0.66 0.34
0.71 0.36
0.46 0.61
0.44 0.61
0.42 0.53
0.45 0.63
0.75 0.30
0.90 0.09
0.48 0.41
0.64 0.45
0.57 0.47
0.57 0.51
0.54 0.50
0.65 0.39
0.46 0.53
0.43 0.57
0.72 0.31
0.43 0.60
0.52 0.49
0.30 0.67
0.60 0.39
0.41 0.62
0.43 0.53
0.62 0.35
0.47 0.55
0.22 0.78
0.34 0.71
0.57 0.50
0.54 0.54
0.58 0.60
0.80 0.29
0.61 0.37
0.30 0.66
0.27 0.69
0.37 0.63
0.31 0.65
0.61 0.41
0.29 0.68
0.31 0.66
0.55 0.44
0.48 0.52
0.77 0.26
0.41 0.53
0.52 0.52
0.59 0.42
0.30 0.66
0.63 0.46
0.44 0.63
0.22 0.84
0.55 0.47
0.44 0.50
0.58 0.56
0.25 0.69
0.40 0.57
0.56 0.55
0.45 0.59
0.32 0.69
0.81 0.36
0.60 0.47
0.89 0.23
0.73 0.29
0.80 0.33
0.45 0.53
0.65 0.35
0.65 0.38
0.34 0.66
0.58 0.51
0.51 0.49
0.24 0.72
0.53 0.52
0.74 0.31
0.29 0.67
0.66 0.35
0.53 0.47
0.66 0.41
0.34 0.71
0.65 0.47
0.48 0.58
0.47 0.46
0.67 0.42
0.58 0.51
0.40 0.65
0.59 0.47
0.41 0.54
0.76 0.27
0.58 0.48
0.48 0.61
0.49 0.50
0.68 0.48
0.50 0.50
0.49 0.53
0.69 0.41
0.52 0.54
0.62 0.45
0.73 0.30
0.63 0.40
0.71 0.40
0.45 0.60
0.53 0.48
0.49 0.46
0.50 0.51
0.54 0.55
0.44 0.54
0.46 0.56
0.49 0.54
0.51 0.50
0.56 0.45
0.76 0.37
0.69 0.44
0.39 0.67
0.32 0.69
0.50 0.64
0.66 0.41
0.30 0.74
0.60 0.45
0.66 0.45
0.38 0.72
0.63 0.35
0.63 0.41
0.56 0.49
0.42 0.56
0.33 0.55
0.81 0.21
0.55 0.55
0.65 0.44
0.67 0.25
0.35 0.62
0.55 0.54
0.63 0.41
0.54 0.50
0.58 0.44
0.38 0.46
0.52 0.45
0.46 0.51
0.53 0.58
0.56 0.47
0.37 0.58
0.49 0.58
0.48 0.53
0.40 0.71
0.44 0.54
0.67 0.44
0.48 0.55
0.68 0.39
0.36 0.67
0.74 0.34
0.52 0.42
0.70 0.24
0.61 0.42
0.68 0.32
0.43 0.56
0.54 0.48
0.63 0.37
0.62 0.49
0.49 0.56
0.43 0.62
0.82 0.21
0.48 0.52
0.43 0.61
0.46 0.60
0.36 0.68
0.45 0.51
0.53 0.44
0.63 0.48
0.60 0.46
0.52 0.49
0.68 0.40
0.42 0.64
0.55 0.56
0.82 0.28
0.96 0.17
0.59 0.43
0.50 0.51
0.50 0.49
0.44 0.56
0.59 0.39
0.39 0.47
0.38 0.59
0.55 0.45
0.33 0.64
0.38 0.59
0.62 0.34
0.67 0.47
0.35 0.68
0.45 0.55
0.44 0.54
0.57 0.39
0.68 0.43
0.49 0.60
0.59 0.56
0.78 0.29
0.50 0.50
0.83 0.22
0.60 0.43
0.54 0.52
0.65 0.37
0.57 0.48
0.78 0.21
0.48 0.57
0.45 0.59
0.50 0.52
0.35 0.55
0.55 0.45
0.30 0.64
0.56 0.51
0.70 0.29
0.64 0.48
0.27 0.65
0.56 0.42
0.72 0.34
0.28 0.74
0.37 0.52
0.46 0.52
0.47 0.46
0.51 0.55
0.57 0.42
0.55 0.46
0.58 0.44
0.49 0.55
0.78 0.31
0.54 0.54
0.56 0.41
0.48 0.64
0.53 0.56
0.61 0.47
0.59 0.40
0.42 0.61
0.69 0.44
0.46 0.50
0.40 0.53
0.50 0.42
0.53 0.57
0.87 0.27
0.49 0.52
0.42 0.60
0.66 0.42
0.37 0.61
0.42 0.56
0.56 0.49
0.48 0.55
0.45 0.55
0.78 0.32
0.71 0.30
0.56 0.48
0.52 0.50
0.43 0.60
0.59 0.45
0.34 0.70
0.62 0.36
0.53 0.59
0.35 0.64
0.51 0.46
0.61 0.45
0.44 0.59
0.39 0.69
0.47 0.55
0.53 0.45
0.65 0.47
0.64 0.43
0.37 0.60
0.40 0.68
0.32 0.65
0.53 0.59
0.38 0.58
0.29 0.78
0.42 0.57
0.34 0.71
0.49 0.46
0.54 0.43
0.41 0.58
0.60 0.46
0.32 0.69
0.61 0.49
0.34 0.62
0.41 0.62
0.76 0.36
0.46 0.54
0.72 0.34
0.48 0.66
0.64 0.45
0.40 0.58
0.36 0.60
0.74 0.31
0.31 0.67
0.40 0.50
0.67 0.31
0.52 0.46
0.62 0.42
0.74 0.31
0.62 0.45
0.36 0.62
0.51 0.51
0.30 0.70
0.57 0.38
0.63 0.41
0.42 0.64
0.39 0.61
0.47 0.50
0.50 0.59
0.49 0.56
0.53 0.49
0.78 0.18
0.37 0.55
0.63 0.34
0.32 0.70
0.61 0.46
0.60 0.44
0.65 0.43
0.41 0.53
0.64 0.40
0.43 0.62
0.61 0.35
0.52 0.50
0.37 0.59
0.71 0.38
0.49 0.51
0.44 0.56
0.62 0.49
0.77 0.35
0.36 0.55
0.43 0.62
0.55 0.54
0.55 0.45
0.43 0.54
0.25 0.83
0.48 0.57
0.40 0.56
0.48 0.52
0.46 0.53
0.64 0.43
0.43 0.46
0.44 0.63
0.44 0.60
0.45 0.59
0.62 0.47
0.52 0.52
0.41 0.64
0.51 0.40
0.45 0.58
0.44 0.64
0.55 0.50
0.55 0.46
0.26 0.60
0.48 0.46
0.49 0.53
0.56 0.47
0.60 0.49
0.58 0.59
0.56 0.44
0.48 0.49
0.42 0.62
0.53 0.49
0.66 0.38
0.56 0.43
0.69 0.30
0.49 0.51
0.42 0.60
0.56 0.47
0.58 0.44
0.22 0.81
0.51 0.60
0.40 0.62
0.44 0.59
0.57 0.52
0.28 0.76
0.56 0.52
0.33 0.62
0.38 0.58
0.39 0.65
0.39 0.56
0.41 0.58
0.34 0.58
0.53 0.42
0.65 0.40
0.48 0.48
0.43 0.64
0.55 0.45
0.51 0.51
0.49 0.55
0.55 0.49
0.74 0.22
0.63 0.47
0.64 0.41
0.47 0.52
0.46 0.60
0.59 0.57
0.64 0.38
0.35 0.76
0.60 0.53
0.26 0.62
0.59 0.46
0.49 0.49
0.49 0.50
0.34 0.67
0.41 0.58
0.62 0.44
0.30 0.56
0.52 0.45
0.48 0.57
0.62 0.40
0.63 0.42
0.79 0.22
0.58 0.33
0.52 0.53
0.58 0.41
0.46 0.56
0.43 0.62
0.58 0.51
0.52 0.55
0.51 0.46
0.41 0.53
0.66 0.44
0.52 0.47
0.45 0.54
0.44 0.60
0.60 0.38
0.52 0.46
0.49 0.47
0.46 0.47
0.33 0.71
0.62 0.49
0.48 0.53
0.53 0.39
0.63 0.41
0.66 0.48
0.53 0.54
0.45 0.56
0.60 0.48
0.37 0.59
0.34 0.65
0.57 0.48
0.65 0.44
0.77 0.35
0.40 0.65
0.56 0.49
0.69 0.23
0.57 0.53
0.60 0.44
0.54 0.48
0.64 0.43
0.53 0.55
0.25 0.65
0.57 0.55
0.56 0.55
0.31 0.64
0.77 0.31
0.31 0.64
0.39 0.51
0.33 0.67
0.38 0.59
0.55 0.48
0.51 0.51
0.84 0.24
0.47 0.55
0.48 0.53
0.69 0.26
0.45 0.55
0.72 0.39
0.34 0.63
0.43 0.51
0.18 0.81
0.60 0.36
0.43 0.56
0.55 0.44
0.35 0.65
0.55 0.44
0.72 0.41
0.37 0.58
0.02 0.91
0.65 0.39
0.43 0.51
0.65 0.35
0.45 0.56
0.68 0.38
0.61 0.47
0.51 0.58
0.31 0.75
0.09 0.85
0.55 0.46
0.57 0.45
0.39 0.57
0.34 0.68
0.51 0.55
0.46 0.63
0.66 0.37
0.43 0.59
0.34 0.62
0.51 0.52
0.45 0.58
0.78 0.35
0.57 0.40
0.55 0.46
0.51 0.59
0.61 0.38
0.37 0.53
0.72 0.29
0.40 0.60
0.41 0.54
0.62 0.31
0.44 0.58
0.39 0.59
0.57 0.43
0.57 0.52
0.56 0.42
0.43 0.59
0.61 0.40
0.54 0.45
0.36 0.70
0.57 0.44
0.32 0.74
0.48 0.47
0.61 0.35
0.46 0.47
0.38 0.66
0.39 0.61
0.63 0.40
0.29 0.67
0.63 0.47
0.52 0.49
0.41 0.63
0.47 0.55
0.77 0.38
0.36 0.62
0.50 0.58
0.48 0.51
0.53 0.54
0.52 0.53
0.27 0.73
0.44 0.55
0.37 0.60
0.51 0.50
0.51 0.52
0.39 0.66
0.59 0.42
0.57 0.40
0.30 0.66
0.33 0.76
0.39 0.53
0.56 0.55
0.43 0.61
0.52 0.44
0.22 0.81
0.57 0.44
0.38 0.57
0.49 0.64
0.39 0.54
0.48 0.61
0.34 0.66
0.47 0.47
0.48 0.55
0.74 0.35
0.61 0.40
0.46 0.65
0.41 0.66
0.60 0.46
0.34 0.62
0.50 0.57
0.52 0.46
0.55 0.53
0.61 0.51
0.39 0.61
0.67 0.49
0.35 0.70
0.65 0.40
0.55 0.51
0.61 0.55
0.58 0.46
0.83 0.20
0.49 0.62
0.56 0.41
0.30 0.68
0.49 0.51
0.59 0.49
0.46 0.60
0.65 0.41
0.30 0.73
0.51 0.58
0.56 0.41
0.52 0.42
0.55 0.50
0.44 0.55
0.57 0.40
0.36 0.61
0.52 0.65
0.57 0.40
0.59 0.54
0.46 0.52
0.44 0.53
0.34 0.61
0.59 0.41
0.51 0.47
0.67 0.40
0.67 0.34
0.50 0.65
0.70 0.35
0.49 0.49
0.84 0.22
0.40 0.57
0.66 0.30
0.85 0.23
0.71 0.32
0.35 0.70
0.54 0.47
0.37 0.58
0.35 0.75
0.44 0.59
0.41 0.58
0.47 0.52
0.20 0.82
0.49 0.49
0.39 0.72
0.57 0.38
0.72 0.31
0.42 0.48
0.43 0.54
0.42 0.58
0.54 0.60
0.40 0.54
0.50 0.41
0.59 0.41
0.53 0.55
0.66 0.35
0.65 0.40
0.67 0.42
0.45 0.64
0.40 0.61
0.45 0.43
0.79 0.22
0.43 0.59
0.49 0.46
0.37 0.64
0.44 0.54
0.45 0.58
0.65 0.39
0.47 0.54
0.62 0.35
0.71 0.42
0.56 0.52
0.55 0.45
0.51 0.50
0.64 0.37
0.41 0.56
0.41 0.53
0.69 0.43
0.81 0.21
0.79 0.34
0.29 0.67
0.39 0.59
0.62 0.34
0.36 0.71
0.43 0.63
0.43 0.57
0.36 0.60
0.44 0.57
0.49 0.48
0.46 0.53
0.59 0.48
0.58 0.46
0.46 0.41
0.64 0.43
0.41 0.61
0.59 0.54
0.48 0.57
0.53 0.56
0.38 0.58
0.56 0.56
0.32 0.57
0.47 0.63
0.50 0.47
0.41 0.55
0.37 0.70
0.23 0.74
0.44 0.55
0.40 0.59
0.48 0.46
0.36 0.53
0.62 0.41
0.65 0.49
0.87 0.20
0.54 0.49
0.41 0.67
0.64 0.43
0.42 0.54
0.34 0.69
0.50 0.61
0.64 0.38
0.52 0.52
0.64 0.38
0.44 0.52
0.52 0.53
0.60 0.38
0.36 0.68
0.40 0.60
0.42 0.56
0.29 0.69
0.40 0.57
0.44 0.68
0.64 0.31
0.38 0.67
0.42 0.57
0.55 0.32
0.67 0.27
0.39 0.59
0.36 0.66
0.63 0.30
0.72 0.36
0.64 0.51
0.54 0.50
0.60 0.43
0.33 0.59
0.55 0.49
0.52 0.60
0.90 0.12
0.38 0.62
0.49 0.57
0.52 0.50
0.50 0.48
0.65 0.42
0.49 0.46
0.69 0.39
0.63 0.25
0.48 0.57
0.45 0.48
0.70 0.27
0.54 0.53
0.53 0.50
0.62 0.40
0.40 0.64
0.48 0.57
0.30 0.73
0.67 0.45
0.50 0.49
0.51 0.41
0.69 0.37
0.52 0.56
0.67 0.42
0.25 0.74
0.60 0.42
0.50 0.48
0.72 0.30
0.48 0.55
0.68 0.39
0.66 0.41
0.47 0.60
0.55 0.50
0.60 0.41
0.47 0.51
0.74 0.37
0.79 0.18
0.42 0.59
0.42 0.62
0.59 0.44
0.57 0.34
0.30 0.71
0.58 0.51
0.51 0.53
0.52 0.59
0.66 0.46
0.23 0.65
0.74 0.30
0.30 0.65
0.67 0.36
0.77 0.30
0.46 0.63
0.45 0.55
0.60 0.45
0.37 0.68
0.55 0.47
0.55 0.44
0.58 0.46
0.41 0.55
0.34 0.71
0.47 0.55
0.70 0.29
0.50 0.54
0.57 0.45
0.45 0.61
0.45 0.52
0.42 0.64
0.55 0.58
0.48 0.58
0.44 0.57
0.36 0.65
0.56 0.50
0.66 0.39
0.58 0.52
0.47 0.64
0.55 0.42
0.60 0.46
0.32 0.64
0.36 0.64
0.76 0.28
0.42 0.56
0.68 0.36
0.49 0.57
0.54 0.34
0.54 0.58
0.40 0.57
0.38 0.56
0.41 0.55
0.45 0.55
0.61 0.50
0.77 0.23
0.60 0.44
0.67 0.32
0.24 0.68
0.68 0.42
0.44 0.53
0.48 0.50
0.49 0.58
0.46 0.57
0.30 0.63
0.16 0.76
0.43 0.57
0.68 0.43
0.22 0.81
0.38 0.61
0.61 0.36
0.53 0.46
0.67 0.28
0.54 0.39
0.62 0.42
0.64 0.48
0.41 0.62
0.31 0.69
0.49 0.57
0.46 0.39
0.34 0.76
0.45 0.52
0.70 0.22
0.41 0.64
0.46 0.62
0.51 0.35
0.40 0.67
0.59 0.40
0.44 0.63
0.45 0.49
0.49 0.53
0.51 0.47
0.55 0.52
0.26 0.75
0.51 0.45
0.33 0.67
0.51 0.43
0.54 0.50
0.60 0.39
0.51 0.52
0.44 0.54
0.46 0.67
0.43 0.55
0.64 0.36
0.44 0.57
0.65 0.40
0.66 0.38
0.36 0.68
0.41 0.49
0.57 0.44
0.63 0.40
0.65 0.44
0.60 0.48
0.39 0.61
0.63 0.37
0.58 0.36
0.63 0.46
0.44 0.60
0.48 0.53
0.46 0.53
0.42 0.51
0.46 0.58
0.31 0.68
0.45 0.55
0.51 0.58
0.49 0.43
0.52 0.51
0.64 0.39
0.32 0.65
0.56 0.49
0.30 0.73
0.52 0.50
0.60 0.50
0.53 0.54
0.40 0.60
0.58 0.47
0.17 0.73
0.46 0.53
0.47 0.55
0.34 0.65
0.56 0.44
0.59 0.41
0.68 0.26
0.81 0.26
0.50 0.62
0.49 0.50
0.46 0.48
0.50 0.51
0.88 0.22
0.52 0.46
0.30 0.66
0.39 0.59
0.64 0.37
0.38 0.67
0.72 0.38
0.61 0.49
0.59 0.54
0.57 0.53
0.40 0.68
0.54 0.49
0.60 0.39
0.39 0.55
0.71 0.27
0.71 0.35
0.53 0.40
0.49 0.60
0.33 0.69
0.39 0.61
0.57 0.47
0.88 0.28
0.57 0.50
0.43 0.62
0.60 0.42
0.62 0.37
0.59 0.39
0.58 0.43
0.68 0.48
0.55 0.50
0.62 0.31
0.52 0.46
0.45 0.64
0.43 0.61
0.37 0.65
0.71 0.22
0.67 0.42
0.47 0.63
0.48 0.51
0.44 0.55
0.62 0.39
0.56 0.46
0.66 0.37
0.49 0.50
0.56 0.37
0.41 0.53
0.44 0.53
0.49 0.51
0.58 0.50
0.44 0.58
0.44 0.54
0.61 0.38
0.57 0.46
0.49 0.53
0.52 0.51
0.62 0.42
0.66 0.39
0.40 0.61
0.39 0.53
0.36 0.59
0.55 0.46
0.62 0.37
0.32 0.61
0.49 0.44
0.83 0.31
0.45 0.62
0.37 0.71
0.59 0.51
0.50 0.53
0.68 0.43
0.37 0.63
0.65 0.42
0.37 0.59
0.63 0.50
0.47 0.48
0.41 0.59
0.57 0.43
0.33 0.65
0.54 0.42
0.53 0.52
0.56 0.49
0.35 0.49
0.37 0.56
0.26 0.74
0.48 0.62
0.52 0.52
0.61 0.41
0.41 0.53
0.64 0.45
0.59 0.43
0.43 0.55
0.52 0.50
0.68 0.38
0.34 0.62
0.45 0.61
0.65 0.40
0.48 0.45
0.27 0.65
0.44 0.57
0.42 0.51
0.39 0.54
0.30 0.72
0.31 0.70
0.42 0.56
0.57 0.43
0.60 0.34
0.31 0.65
0.48 0.50
0.30 0.74
0.48 0.50
0.59 0.47
0.57 0.43
0.54 0.45
0.32 0.71
0.66 0.39
0.64 0.42
0.15 0.80
0.80 0.21
0.47 0.57
0.71 0.32
0.53 0.55
0.19 0.78
0.41 0.62
0.54 0.45
0.54 0.48
0.58 0.36
0.50 0.41
0.46 0.58
0.42 0.52
0.42 0.63
0.52 0.56
0.36 0.63
0.21 0.75
0.29 0.76
0.47 0.56
0.37 0.62
0.46 0.56
0.80 0.29
0.40 0.66
0.34 0.57
0.48 0.50
0.61 0.36
0.56 0.46
0.72 0.31
0.67 0.36
0.28 0.77
0.38 0.72
0.42 0.52
0.50 0.49
0.59 0.38
0.77 0.39
0.47 0.55
0.58 0.45
0.37 0.60
0.45 0.57
0.33 0.65
0.45 0.45
0.49 0.38
0.46 0.54
0.50 0.49
0.45 0.57
0.67 0.28
0.48 0.43
0.44 0.57
0.58 0.50
0.65 0.45
0.53 0.45
0.53 0.49
0.51 0.56
0.35 0.60
0.52 0.52
0.58 0.45
0.39 0.57
0.66 0.30
0.33 0.62
0.23 0.77
0.45 0.56
0.49 0.55
0.25 0.78
0.50 0.44
0.60 0.44
0.57 0.46
0.57 0.47
0.41 0.56
0.56 0.55
0.80 0.21
0.43 0.70
0.58 0.35
0.73 0.37
0.47 0.50
0.33 0.63
0.45 0.57
0.64 0.34
0.67 0.52
0.49 0.57
0.65 0.32
0.66 0.44
0.57 0.48
0.45 0.59
0.45 0.60
0.61 0.36
0.54 0.47
0.52 0.62
0.33 0.69
0.65 0.31
0.32 0.81
0.55 0.55
0.45 0.61
0.37 0.66
0.54 0.49
0.55 0.46
0.41 0.61
0.70 0.33
0.65 0.46
0.68 0.32
0.54 0.57
0.53 0.58
0.67 0.35
0.67 0.32
0.78 0.28
0.53 0.50
0.30 0.61
0.59 0.52
0.50 0.45
0.35 0.66
0.47 0.56
0.48 0.59
0.59 0.42
0.28 0.70
0.50 0.58
0.45 0.61
0.69 0.43
0.60 0.46
0.44 0.44
0.57 0.53
0.40 0.66
0.73 0.42
0.33 0.71
0.61 0.42
0.26 0.71
0.61 0.52
0.51 0.50
0.58 0.53
0.60 0.45
0.59 0.32
0.35 0.56
0.46 0.56
0.39 0.56
0.70 0.41
0.27 0.75
0.33 0.66
0.61 0.35
0.58 0.48
0.40 0.59
0.28 0.69
0.54 0.45
0.22 0.84
0.62 0.42
0.42 0.60
0.54 0.41
0.48 0.60
0.61 0.43
0.51 0.52
0.69 0.42
0.39 0.53
0.53 0.54
0.59 0.41
0.41 0.63
0.63 0.39
0.39 0.63
0.68 0.51
0.57 0.45
0.73 0.40
0.49 0.55
0.27 0.75
0.52 0.51
0.54 0.50
0.63 0.42
0.52 0.42
0.52 0.44
0.60 0.43
0.42 0.59
0.45 0.38
0.62 0.37
0.61 0.32
0.40 0.67
0.43 0.62
0.42 0.68
0.47 0.51
0.57 0.37
0.64 0.52
0.62 0.38
0.52 0.62
0.41 0.63
0.49 0.60
0.38 0.66
0.55 0.50
0.44 0.47
0.49 0.49
0.55 0.47
0.53 0.53
0.34 0.57
0.76 0.22
0.72 0.43
0.64 0.38
0.58 0.54
0.42 0.58
0.46 0.54
0.54 0.51
0.69 0.43
0.43 0.52
0.41 0.57
0.51 0.50
0.65 0.40
0.64 0.41
0.58 0.49
0.41 0.55
0.50 0.46
0.52 0.49
0.54 0.56
0.42 0.42
0.46 0.46
0.35 0.64
0.68 0.31
0.34 0.74
0.65 0.35
0.83 0.20
0.51 0.56
0.49 0.48
0.32 0.60
0.68 0.35
0.38 0.56
0.67 0.37
0.51 0.48
0.33 0.59
0.51 0.44
0.65 0.36
0.21 0.76
0.63 0.35
0.66 0.37
0.59 0.43
0.71 0.36
0.41 0.52
0.39 0.65
0.45 0.52
0.59 0.50
0.46 0.49
0.50 0.45
0.63 0.38
0.46 0.51
0.53 0.52
0.77 0.36
0.56 0.50
0.68 0.32
0.20 0.75
0.62 0.45
0.47 0.49
0.54 0.50
0.32 0.59
0.45 0.61
0.71 0.22
0.48 0.52
0.51 0.46
0.47 0.59
0.59 0.49
0.57 0.50
0.57 0.62
0.62 0.30
0.51 0.53
0.56 0.48
0.47 0.61
0.50 0.42
0.52 0.51
0.60 0.41
0.49 0.54
0.89 0.14
0.42 0.63
0.57 0.54
0.62 0.35
0.52 0.42
0.50 0.53
0.61 0.52
0.75 0.34
0.54 0.48
0.44 0.62
0.43 0.58
0.41 0.59
0.37 0.66
0.53 0.44
0.58 0.46
0.68 0.37
0.74 0.31
0.52 0.46
0.47 0.50
0.46 0.47
0.60 0.48
0.41 0.65
0.58 0.52
0.52 0.56
0.30 0.70
0.36 0.70
0.55 0.47
0.67 0.43
0.45 0.63
0.34 0.63
0.45 0.67
0.58 0.47
0.44 0.55
0.65 0.31
0.50 0.58
0.88 0.25
0.45 0.56
0.68 0.42
0.45 0.48
0.42 0.59
0.61 0.58
0.43 0.55
0.36 0.70
0.46 0.55
0.53 0.53
0.61 0.39
0.51 0.48
0.50 0.47
0.32 0.73
0.54 0.48
0.80 0.34
0.57 0.48
0.29 0.70
0.71 0.22
0.41 0.58
0.57 0.40
0.62 0.44
0.49 0.62
0.86 0.15
0.61 0.58
0.48 0.62
0.49 0.52
0.69 0.34
0.50 0.49
0.30 0.64
0.56 0.57
0.46 0.56
0.47 0.51
0.65 0.36
0.41 0.53
0.35 0.57
0.46 0.52
0.58 0.51
0.58 0.40
0.65 0.40
0.43 0.51
0.34 0.66
0.66 0.32
0.19 0.74
0.39 0.50
0.37 0.68
0.26 0.73
0.66 0.41
0.52 0.50
0.39 0.57
0.76 0.32
0.40 0.73
0.58 0.40
0.75 0.34
0.63 0.46
0.41 0.65
0.45 0.54
0.63 0.39
0.57 0.56
0.50 0.54
0.55 0.51
0.47 0.50
0.68 0.40
0.47 0.73
0.51 0.54
0.65 0.36
0.39 0.64
0.50 0.37
0.67 0.37
0.39 0.58
0.53 0.40
0.46 0.64
0.42 0.58
0.29 0.69
0.76 0.20
0.36 0.64
0.46 0.58
0.44 0.55
0.53 0.41
0.20 0.78
0.62 0.52
0.81 0.21
0.52 0.51
0.63 0.35
0.67 0.42
0.68 0.45
0.68 0.25
0.46 0.62
0.80 0.31
0.38 0.68
0.53 0.46
0.64 0.42
0.48 0.57
0.48 0.48
0.58 0.49
0.58 0.39
0.53 0.45
0.59 0.36
0.61 0.39
0.59 0.35
0.33 0.75
0.54 0.44
0.44 0.63
0.56 0.41
0.38 0.58
0.54 0.53
0.57 0.52
0.41 0.54
0.39 0.57
0.63 0.39
0.58 0.47
0.37 0.63
0.39 0.58
0.31 0.73
0.28 0.67
0.40 0.63
0.47 0.68
0.73 0.39
0.59 0.47
0.50 0.47
0.56 0.53
0.49 0.69
0.49 0.50
0.63 0.41
0.60 0.43
0.75 0.33
0.42 0.53
0.35 0.66
0.48 0.46
0.28 0.72
0.44 0.53
0.70 0.38
0.50 0.55
0.52 0.54
0.65 0.37
0.67 0.32
0.40 0.53
0.37 0.62
0.42 0.64
0.60 0.44
0.36 0.66
0.31 0.69
0.53 0.49
0.39 0.57
0.39 0.53
0.39 0.64
0.54 0.45
0.77 0.34
0.39 0.62
0.47 0.54
0.61 0.36
0.44 0.59
0.52 0.52
0.53 0.36
0.83 0.30
0.55 0.50
0.51 0.47
0.41 0.69
0.55 0.49
0.54 0.53
0.44 0.54
0.35 0.65
0.69 0.39
0.56 0.48
0.59 0.48
0.45 0.59
0.58 0.43
0.58 0.40
0.69 0.36
0.55 0.46
0.23 0.73
0.60 0.41
0.49 0.44
0.81 0.21
0.77 0.25
0.39 0.54
0.62 0.39
0.15 0.78
0.58 0.43
0.36 0.61
0.43 0.65
0.53 0.53
0.51 0.53
0.50 0.50
0.64 0.39
0.58 0.57
0.42 0.56
0.69 0.37
0.80 0.25
0.49 0.50
0.42 0.61
0.65 0.33
0.55 0.43
0.34 0.63
0.25 0.74
0.79 0.31
0.41 0.63
0.47 0.57
0.50 0.54
0.88 0.13
0.77 0.35
0.49 0.47
0.62 0.42
0.49 0.51
0.32 0.68
0.78 0.31
0.38 0.66
0.40 0.71
0.35 0.70
0.47 0.57
0.63 0.41
0.57 0.51
0.38 0.60
0.60 0.43
0.45 0.60
0.69 0.39
0.65 0.43
0.37 0.78
0.45 0.62
0.47 0.52
0.54 0.45
0.56 0.48
0.40 0.52
0.53 0.43
0.51 0.43
0.69 0.40
0.32 0.59
0.55 0.48
0.21 0.79
0.66 0.36
0.13 0.81
0.45 0.50
0.56 0.52
0.59 0.43
0.56 0.47
0.61 0.45
0.78 0.32
0.61 0.41
0.47 0.57
0.44 0.57
0.38 0.62
0.36 0.65
0.64 0.34
0.63 0.33
0.49 0.49
0.57 0.43
0.50 0.57
0.64 0.39
0.43 0.53
0.65 0.36
0.40 0.54
0.53 0.53
0.50 0.52
0.60 0.40
0.55 0.42
0.62 0.46
0.71 0.29
0.45 0.48
0.62 0.51
0.61 0.37
0.55 0.52
0.43 0.55
0.60 0.38
0.65 0.46
0.32 0.68
0.72 0.40
0.66 0.35
0.30 0.57
0.50 0.45
0.49 0.53
0.51 0.48
0.52 0.50
0.37 0.63
0.40 0.54
0.67 0.31
0.31 0.65
0.60 0.33
0.71 0.33
0.64 0.48
0.93 0.07
0.42 0.64
0.40 0.60
0.48 0.58
0.49 0.43
0.54 0.55
0.33 0.63
0.69 0.38
0.48 0.56
0.44 0.59
0.61 0.41
0.61 0.45
0.48 0.45
0.35 0.72
0.57 0.40
0.58 0.38
0.63 0.34
0.76 0.43
0.53 0.41
0.54 0.45
0.51 0.47
0.61 0.45
0.65 0.48
0.57 0.44
0.74 0.41
0.68 0.37
0.59 0.48
0.72 0.33
0.41 0.66
0.60 0.46
0.59 0.53
0.54 0.43
0.45 0.48
0.42 0.62
0.67 0.38
0.58 0.41
0.55 0.52
0.49 0.55
0.51 0.54
0.34 0.57
0.51 0.54
0.64 0.28
0.71 0.34
0.39 0.60
0.65 0.41
0.35 0.58
0.53 0.40
0.51 0.49
0.53 0.53
0.53 0.53
0.60 0.36
0.15 0.80
0.72 0.29
0.58 0.38
0.23 0.84
0.52 0.54
0.46 0.64
0.43 0.66
0.42 0.56
0.47 0.55
0.61 0.55
0.47 0.54
0.47 0.39
0.40 0.62
0.55 0.53
0.30 0.78
0.65 0.53
0.42 0.50
0.58 0.49
0.30 0.69
0.79 0.28
0.20 0.72
0.51 0.53
0.67 0.34
0.76 0.32
0.29 0.73
0.46 0.49
0.72 0.25
0.46 0.47
0.63 0.34
0.46 0.52
0.51 0.58
0.36 0.65
0.73 0.33
0.60 0.46
0.55 0.37
0.48 0.56
0.37 0.64
0.65 0.35
0.52 0.48
0.56 0.50
0.71 0.35
0.47 0.54
0.62 0.50
0.37 0.58
0.36 0.62
0.45 0.53
0.24 0.85
0.65 0.35
0.40 0.57
0.68 0.41
0.56 0.50
0.59 0.46
0.36 0.70
0.28 0.70
0.35 0.58
0.42 0.61
0.40 0.65
0.49 0.61
0.41 0.61
0.61 0.40
0.35 0.72
0.87 0.11
0.53 0.49
0.47 0.58
0.54 0.57
0.44 0.57
0.44 0.46
0.63 0.34
0.38 0.63
0.35 0.63
0.47 0.51
0.70 0.21
0.45 0.56
0.49 0.45
0.30 0.66
0.46 0.63
0.53 0.43
0.67 0.39
0.36 0.68
0.42 0.56
0.38 0.66
0.61 0.37
0.61 0.43
0.41 0.60
0.54 0.52
0.45 0.57
0.65 0.42
0.44 0.63
0.57 0.42
0.38 0.64
0.41 0.58
0.60 0.42
0.59 0.52
0.56 0.51
0.37 0.62
0.50 0.53
0.58 0.39
0.41 0.59
0.67 0.39
0.53 0.41
0.50 0.50
0.65 0.38
0.69 0.31
0.26 0.68
0.57 0.50
0.62 0.40
0.80 0.30
0.36 0.61
0.71 0.33
0.65 0.38
0.46 0.59
0.42 0.58
0.46 0.52
0.63 0.37
0.46 0.49
0.64 0.42
0.40 0.53
0.49 0.51
0.33 0.84
0.40 0.65
0.61 0.42
0.69 0.39
0.49 0.51
0.35 0.57
0.44 0.49
0.45 0.57
0.20 0.81
0.46 0.56
0.47 0.57
0.50 0.56
0.37 0.59
0.34 0.59
0.34 0.60
0.41 0.63
0.41 0.50
0.69 0.31
0.46 0.57
0.54 0.53
0.76 0.37
0.45 0.53
0.52 0.51
0.48 0.55
0.42 0.59
0.53 0.48
0.61 0.37
0.36 0.70
0.50 0.45
0.54 0.55
0.34 0.62
0.19 0.84
0.54 0.45
0.60 0.31
0.71 0.38
0.53 0.63
0.39 0.64
0.53 0.48
0.48 0.47
0.53 0.44
0.41 0.66
0.55 0.44
0.54 0.48
0.61 0.44
0.53 0.47
0.35 0.65
0.56 0.50
0.61 0.41
0.44 0.70
0.51 0.51
0.61 0.41
0.50 0.58
0.56 0.49
0.42 0.63
0.58 0.47
0.37 0.66
0.65 0.35
0.54 0.55
0.52 0.54
0.74 0.33
0.43 0.53
0.47 0.60
0.43 0.63
0.31 0.69
0.49 0.45
0.52 0.49
0.59 0.35
0.38 0.49
0.56 0.47
0.38 0.74
0.43 0.57
0.44 0.56
0.59 0.50
0.44 0.58
0.61 0.48
0.67 0.47
0.54 0.40
0.72 0.26
0.23 0.74
0.54 0.65
0.51 0.58
0.31 0.77
0.28 0.73
0.49 0.49
0.51 0.50
0.59 0.50
0.50 0.65
0.65 0.37
0.32 0.72
0.35 0.63
0.49 0.55
0.36 0.65
0.49 0.51
0.45 0.66
0.36 0.67
0.57 0.41
0.69 0.41
0.31 0.61
0.64 0.40
0.53 0.44
0.58 0.40
0.55 0.60
0.43 0.66
0.61 0.43
0.48 0.55
0.47 0.54
0.62 0.37
0.44 0.56
0.38 0.52
0.53 0.42
0.54 0.50
0.56 0.53
0.73 0.20
0.38 0.71
0.56 0.47
0.65 0.34
0.47 0.53
0.44 0.61
0.62 0.37
0.69 0.31
0.31 0.71
0.52 0.52
0.59 0.47
0.58 0.49
0.30 0.72
0.61 0.47
0.61 0.33
0.30 0.70
0.53 0.43
0.62 0.45
0.63 0.41
0.51 0.46
0.33 0.74
0.33 0.74
0.60 0.40
0.46 0.62
0.59 0.45
0.44 0.53
0.44 0.65
0.39 0.65
0.38 0.56
0.62 0.44
0.68 0.30
0.55 0.45
0.42 0.58
0.56 0.42
0.69 0.33
0.59 0.41
0.66 0.39
0.38 0.75
0.48 0.49
0.37 0.51
0.54 0.51
0.42 0.58
0.54 0.49
0.45 0.65
0.55 0.53
0.58 0.51
0.71 0.36
0.61 0.44
0.47 0.46
0.59 0.43
0.35 0.62
0.60 0.40
0.38 0.66
0.52 0.52
0.46 0.62
0.34 0.60
0.47 0.60
0.57 0.42
0.43 0.62
0.82 0.15
0.60 0.44
0.51 0.57
0.47 0.58
0.50 0.58
0.60 0.44
0.50 0.47
0.43 0.53
0.43 0.56
0.42 0.50
0.74 0.39
0.48 0.52
0.34 0.65
0.34 0.63
0.47 0.58
0.65 0.43
0.48 0.53
0.75 0.39
0.34 0.71
0.48 0.46
0.55 0.46
0.38 0.61
1.00 0.01
0.63 0.36
0.63 0.50
0.54 0.53
0.49 0.51
0.42 0.58
0.33 0.73
0.51 0.53
0.65 0.41
0.55 0.47
0.32 0.59
0.40 0.68
0.60 0.38
0.54 0.41
0.48 0.50
0.60 0.44
0.53 0.53
0.52 0.44
0.47 0.61
0.48 0.54
0.46 0.57
0.52 0.51
0.60 0.39
0.51 0.62
0.69 0.47
0.60 0.43
0.46 0.55
0.58 0.37
0.63 0.30
0.75 0.25
0.50 0.56
0.47 0.57
0.59 0.48
0.47 0.58
0.36 0.63
0.60 0.34
0.54 0.42
0.69 0.35
0.33 0.64
0.77 0.32
0.59 0.39
0.75 0.33
0.61 0.51
0.70 0.35
0.31 0.69
0.76 0.30
0.52 0.51
0.59 0.48
0.59 0.54
0.28 0.70
0.52 0.48
0.49 0.57
0.43 0.59
0.41 0.61
0.79 0.30
0.40 0.59
0.60 0.33
0.70 0.27
0.55 0.44
0.44 0.53
0.48 0.46
0.84 0.07
0.11 0.85
0.57 0.47
0.56 0.58
0.54 0.47
0.60 0.42
0.61 0.47
0.62 0.47
0.53 0.51
0.44 0.53
0.57 0.39
0.48 0.57
0.58 0.47
0.15 0.83
0.42 0.71
0.46 0.72
0.60 0.45
0.33 0.68
0.32 0.65
0.78 0.35
0.41 0.60
0.62 0.44
0.52 0.50
0.53 0.40
0.56 0.49
0.46 0.55
0.43 0.64
0.62 0.53
0.53 0.46
0.70 0.38
0.57 0.43
0.55 0.52
0.53 0.46
0.76 0.31
0.70 0.34
0.56 0.52
0.35 0.69
0.43 0.55
0.47 0.58
0.64 0.41
0.57 0.41
0.19 0.85
0.48 0.55
0.40 0.64
0.41 0.48
0.48 0.70
0.55 0.41
0.51 0.53
0.53 0.50
0.45 0.58
0.45 0.61
0.42 0.53
0.13 0.88
0.55 0.39
0.76 0.24
0.55 0.53
0.57 0.56
0.46 0.62
0.55 0.42
0.59 0.36
0.38 0.58
0.61 0.46
0.48 0.56
0.45 0.52
0.54 0.52
0.49 0.52
0.49 0.52
0.37 0.65
0.27 0.85
0.68 0.44
0.46 0.52
0.58 0.50
0.67 0.27
0.47 0.58
0.46 0.60
0.33 0.63
0.31 0.67
0.65 0.38
0.56 0.50
0.55 0.51
0.32 0.59
0.62 0.40
0.62 0.43
0.34 0.60
0.63 0.35
0.53 0.53
0.46 0.64
0.48 0.54
0.68 0.28
0.62 0.36
0.48 0.62
0.52 0.48
0.62 0.36
0.24 0.78
0.41 0.60
0.51 0.55
0.58 0.40
0.67 0.40
0.30 0.72
0.69 0.44
0.60 0.49
0.41 0.64
0.62 0.45
0.44 0.59
0.57 0.43
0.53 0.45
0.46 0.59
0.78 0.22
0.59 0.41
0.68 0.36
0.71 0.36
0.62 0.40
0.49 0.60
0.45 0.64
0.74 0.32
0.85 0.25
0.14 0.86
0.70 0.41
0.63 0.53
0.43 0.58
0.36 0.60
0.71 0.33
0.14 0.88
0.61 0.43
0.39 0.60
0.24 0.76
0.33 0.71
0.80 0.32
0.73 0.36
0.75 0.27
0.44 0.58
0.32 0.74
0.67 0.45
0.54 0.50
0.30 0.71
0.57 0.40
0.50 0.43
0.52 0.47
0.68 0.43
0.61 0.45
0.35 0.58
0.55 0.54
0.52 0.50
0.41 0.60
0.36 0.56
0.53 0.49
0.70 0.36
0.62 0.53
0.52 0.49
0.63 0.40
0.32 0.68
0.59 0.49
0.35 0.61
0.48 0.53
0.54 0.53
0.45 0.48
0.53 0.49
0.40 0.66
0.36 0.71
0.49 0.53
0.46 0.46
0.89 0.12
0.45 0.51
0.43 0.56
0.58 0.43
0.24 0.64
0.60 0.50
0.75 0.37
0.64 0.44
0.43 0.51
0.53 0.47
0.60 0.52
0.65 0.39
0.43 0.60
0.54 0.50
0.64 0.46
0.42 0.60
0.29 0.77
0.47 0.57
0.38 0.72
0.56 0.53
0.49 0.45
0.57 0.40
0.47 0.57
0.48 0.49
0.30 0.79
0.52 0.51
0.68 0.26
0.67 0.29
0.55 0.49
0.56 0.42
0.46 0.55
0.73 0.29
0.57 0.51
0.58 0.45
0.70 0.32
0.64 0.31
0.52 0.55
0.26 0.77
0.36 0.60
0.44 0.65
0.52 0.45
0.66 0.47
0.41 0.51
0.64 0.39
0.48 0.63
0.80 0.33
0.43 0.52
0.43 0.58
0.34 0.75
0.45 0.61
0.65 0.43
0.52 0.57
0.61 0.45
0.61 0.40
0.55 0.51
0.61 0.44
0.33 0.69
0.82 0.25
0.88 0.19
0.47 0.61
0.92 0.13
0.37 0.65
0.39 0.54
0.48 0.49
0.38 0.63
0.44 0.56
0.41 0.70
0.30 0.63
0.63 0.41
0.40 0.58
0.51 0.47
0.67 0.41
0.58 0.38
0.47 0.55
0.51 0.50
0.63 0.35
0.73 0.26
0.73 0.34
0.62 0.45
0.47 0.57
0.52 0.46
0.43 0.57
0.48 0.57
0.29 0.62
0.65 0.41
0.22 0.79
0.34 0.66
0.56 0.52
0.35 0.66
0.41 0.54
0.52 0.43
0.52 0.54
0.47 0.55
0.40 0.57
0.68 0.32
0.53 0.45
0.51 0.44
0.66 0.36
0.62 0.45
0.53 0.45
0.38 0.69
0.48 0.46
0.47 0.53
0.53 0.49
0.51 0.52
0.49 0.41
0.63 0.39
0.64 0.54
0.55 0.54
0.45 0.47
0.21 0.73
0.56 0.43
0.54 0.39
0.44 0.50
0.45 0.55
0.50 0.55
0.30 0.75
0.58 0.47
0.64 0.38
0.51 0.49
0.37 0.54
0.64 0.49
0.49 0.47
0.66 0.38
0.48 0.56
0.69 0.45
0.57 0.40
0.51 0.46
0.54 0.38
0.66 0.42
0.80 0.34
0.50 0.62
0.71 0.40
0.55 0.52
0.52 0.59
0.52 0.48
0.75 0.19
0.45 0.56
0.56 0.44
0.73 0.22
0.76 0.33
0.47 0.44
0.39 0.54
0.52 0.57
0.48 0.52
0.38 0.62
0.45 0.48
0.58 0.41
0.57 0.58
0.47 0.58
0.35 0.62
0.66 0.42
0.65 0.46
0.39 0.65
0.40 0.57
0.57 0.45
0.57 0.49
0.44 0.44
0.33 0.66
0.27 0.73
0.32 0.67
0.56 0.37
0.40 0.68
0.73 0.35
0.20 0.79
0.46 0.54
0.59 0.36
0.75 0.31
0.50 0.49
0.63 0.40
0.43 0.55
0.33 0.61
0.36 0.72
0.53 0.51
0.58 0.47
0.54 0.45
0.24 0.75
0.49 0.50
0.52 0.44
0.57 0.50
0.55 0.49
0.65 0.43
0.44 0.53
0.54 0.56
0.60 0.45
0.75 0.29
0.72 0.39
0.54 0.46
0.31 0.78
0.28 0.68
0.41 0.61
0.43 0.63
0.52 0.54
0.57 0.51
0.31 0.69
0.60 0.40
0.57 0.54
0.59 0.49
0.53 0.50
0.40 0.64
0.69 0.34
0.73 0.31
0.62 0.41
0.47 0.57
0.43 0.61
0.55 0.50
0.28 0.77
0.64 0.42
0.28 0.76
0.34 0.61
0.55 0.56
0.14 0.82
0.60 0.45
0.56 0.49
0.50 0.53
0.61 0.49
0.59 0.40
0.66 0.45
0.39 0.63
0.67 0.40
0.61 0.41
0.58 0.39
0.81 0.19
0.67 0.37
0.31 0.69
0.46 0.57
0.61 0.46
0.77 0.29
0.64 0.36
0.53 0.52
0.40 0.58
0.55 0.54
0.61 0.47
0.39 0.56
0.54 0.48
0.76 0.33
0.41 0.61
0.36 0.65
0.42 0.49
0.64 0.37
0.51 0.54
0.34 0.55
0.26 0.64
0.69 0.41
0.45 0.37
0.38 0.70
0.53 0.50
0.60 0.43
0.59 0.47
0.75 0.29
0.43 0.53
0.62 0.52
0.37 0.73
0.70 0.33
0.51 0.50
0.45 0.51
0.37 0.60
0.61 0.33
0.61 0.41
0.49 0.53
0.59 0.37
0.51 0.52
0.27 0.77
0.59 0.42
0.59 0.46
0.24 0.70
0.39 0.53
0.56 0.41
0.27 0.68
0.39 0.66
0.47 0.46
0.42 0.69
0.70 0.32
0.73 0.38
0.69 0.19
0.62 0.52
0.53 0.46
0.51 0.52
0.49 0.45
0.49 0.67
0.61 0.39
0.33 0.70
0.39 0.64
0.51 0.50
0.59 0.52
0.74 0.37
0.66 0.36
0.70 0.44
0.34 0.56
0.42 0.56
0.44 0.57
0.27 0.63
0.74 0.25
0.54 0.39
0.52 0.52
0.52 0.45
0.16 0.75
0.46 0.56
0.59 0.39
0.67 0.43
0.37 0.51
0.47 0.57
0.63 0.48
0.51 0.49
0.66 0.37
0.49 0.42
0.28 0.64
0.54 0.44
0.47 0.59
0.42 0.59
0.55 0.55
0.51 0.57
0.67 0.43
0.48 0.58
0.55 0.48
0.39 0.63
0.55 0.54
0.62 0.48
0.51 0.55
0.61 0.46
0.61 0.37
0.67 0.38
0.69 0.38
0.59 0.46
0.68 0.28
0.57 0.45
0.36 0.65
0.61 0.46
0.43 0.55
0.27 0.84
0.60 0.38
0.52 0.50
0.43 0.48
0.68 0.36
0.56 0.43
0.48 0.56
0.59 0.38
0.50 0.51
0.58 0.48
0.29 0.73
0.53 0.52
0.70 0.36
0.33 0.56
0.54 0.53
0.45 0.50
0.48 0.66
0.65 0.34
0.37 0.60
0.55 0.57
0.69 0.41
0.56 0.32
0.55 0.47
0.45 0.61
0.34 0.66
0.52 0.51
0.48 0.52
0.87 0.23
0.35 0.68
0.57 0.39
0.47 0.59
0.44 0.55
0.46 0.63
0.56 0.54
0.60 0.48
0.41 0.62
0.44 0.46
0.56 0.56
0.46 0.72
0.59 0.33
0.78 0.33
0.51 0.47
0.45 0.55
0.58 0.44
0.68 0.31
0.47 0.53
0.51 0.50
0.43 0.59
0.51 0.55
0.60 0.32
0.58 0.46
0.37 0.57
0.32 0.76
0.59 0.45
0.29 0.66
0.53 0.55
0.08 1.00
0.44 0.58
0.27 0.66
0.67 0.43
0.37 0.58
0.28 0.75
0.59 0.41
0.57 0.47
0.56 0.47
0.40 0.62
0.55 0.43
0.54 0.50
0.44 0.67
0.47 0.55
0.38 0.64
0.67 0.42
0.68 0.36
0.23 0.76
0.59 0.46
0.33 0.69
0.51 0.50
0.64 0.36
0.53 0.42
0.42 0.63
0.73 0.30
0.61 0.39
0.62 0.47
0.53 0.53
0.77 0.31
0.49 0.53
0.29 0.61
0.28 0.72
0.76 0.40
0.45 0.62
0.58 0.48
0.24 0.73
0.62 0.41
0.46 0.60
0.30 0.72
0.56 0.53
0.66 0.41
0.76 0.23
0.35 0.59
0.67 0.35
0.48 0.54
0.57 0.33
0.51 0.50
0.49 0.67
0.50 0.60
0.45 0.61
0.25 0.66
0.97 0.10
0.31 0.60
0.72 0.32
0.61 0.40
0.16 0.82
0.48 0.58
0.85 0.19
0.28 0.70
0.62 0.40
0.46 0.61
0.49 0.47
0.65 0.42
0.52 0.56
0.42 0.59
0.66 0.38
0.71 0.39
0.65 0.43
0.26 0.68
0.49 0.49
0.56 0.49
0.64 0.38
0.61 0.46
0.46 0.58
0.58 0.50
0.67 0.34
0.34 0.65
0.63 0.29
0.38 0.59
0.45 0.58
0.62 0.40
0.82 0.21
0.56 0.55
0.77 0.20
0.32 0.67
0.53 0.44
0.29 0.63
0.52 0.52
0.53 0.51
0.76 0.33
0.47 0.51
0.78 0.21
0.50 0.57
0.64 0.43
0.59 0.47
0.23 0.68
0.32 0.60
0.54 0.52
0.61 0.48
0.65 0.43
0.20 0.85
0.54 0.54
0.49 0.47
0.40 0.54
0.63 0.43
0.34 0.63
0.47 0.56
0.53 0.48
0.55 0.53
0.56 0.42
0.48 0.63
0.49 0.54
0.57 0.42
0.31 0.74
0.42 0.54
0.36 0.57
0.34 0.70
0.72 0.41
0.27 0.76
0.41 0.63
0.52 0.56
0.55 0.52
0.52 0.48
0.37 0.55
0.41 0.56
0.51 0.54
0.38 0.62
0.71 0.36
0.40 0.65
0.22 0.76
0.38 0.59
0.54 0.49
0.47 0.53
0.40 0.60
0.41 0.61
0.61 0.39
0.60 0.46
0.54 0.50
0.79 0.20
0.52 0.52
0.66 0.39
0.47 0.57
0.47 0.55
0.43 0.70
0.40 0.70
0.68 0.45
0.50 0.42
0.53 0.55
0.17 0.86
0.64 0.51
0.37 0.61
0.53 0.41
0.36 0.62
0.57 0.46
0.28 0.74
0.53 0.57
0.63 0.54
0.53 0.56
0.44 0.63
0.54 0.61
0.39 0.50
0.66 0.46
0.27 0.72
0.61 0.34
0.54 0.43
0.39 0.63
0.64 0.49
0.45 0.64
0.46 0.55
0.60 0.47
0.75 0.27
0.58 0.49
0.41 0.67
0.45 0.50
0.67 0.40
0.40 0.62
0.49 0.46
0.42 0.59
0.42 0.63
0.40 0.62
0.49 0.59
0.43 0.47
0.55 0.53
0.25 0.71
0.51 0.51
0.42 0.59
0.46 0.48
0.60 0.45
0.26 0.79
0.54 0.42
0.76 0.37
0.49 0.57
0.63 0.54
0.47 0.53
0.31 0.66
0.59 0.49
0.32 0.60
0.61 0.41
0.44 0.55
0.53 0.56
0.56 0.49
0.57 0.41
0.32 0.70
0.34 0.73
0.54 0.48
0.42 0.62
0.42 0.48
0.77 0.22
0.61 0.47
0.71 0.45
0.60 0.54
0.56 0.53
0.53 0.44
0.40 0.57
0.78 0.29
0.68 0.38
0.36 0.67
0.45 0.59
0.46 0.58
0.58 0.38
0.44 0.61
0.69 0.30
0.57 0.57
0.27 0.64
0.64 0.42
0.55 0.50
0.67 0.36
0.54 0.48
0.52 0.55
0.47 0.59
0.63 0.42
0.25 0.72
0.43 0.57
0.51 0.58
0.56 0.44
0.40 0.59
0.59 0.52
0.51 0.50
0.59 0.40
0.45 0.68
0.63 0.38
0.56 0.50
0.67 0.32
0.75 0.43
0.42 0.65
0.50 0.36
0.59 0.39
0.30 0.66
0.49 0.55
0.55 0.51
0.60 0.42
0.68 0.38
0.40 0.64
0.68 0.29
0.48 0.59
0.38 0.57
0.30 0.68
0.40 0.61
0.44 0.61
0.73 0.46
0.41 0.46
0.51 0.58
0.65 0.44
0.55 0.45
0.51 0.48
0.78 0.33
0.54 0.49
0.60 0.47
0.68 0.45
0.55 0.55
0.48 0.49
0.67 0.36
0.62 0.31
0.56 0.57
0.49 0.58
0.62 0.41
0.62 0.46
0.66 0.34
0.50 0.44
0.60 0.52
0.36 0.68
0.47 0.58
0.64 0.33
0.29 0.65
0.62 0.42
0.54 0.38
0.38 0.65
0.55 0.52
0.48 0.41
0.40 0.56
0.34 0.67
0.73 0.30
0.27 0.70
0.43 0.65
0.58 0.54
0.75 0.35
0.72 0.31
0.42 0.65
0.41 0.50
0.52 0.57
0.58 0.43
0.32 0.71
0.51 0.51
0.31 0.77
0.48 0.46
0.64 0.47
0.60 0.49
0.77 0.30
0.48 0.58
0.59 0.49
0.58 0.45
0.71 0.30
0.42 0.74
0.56 0.43
0.55 0.46
0.10 0.82
0.43 0.63
0.47 0.61
0.46 0.58
0.71 0.29
0.53 0.57
0.64 0.44
0.31 0.76
0.85 0.33
0.71 0.25
0.55 0.49
0.57 0.49
0.47 0.54
0.62 0.40
0.25 0.72
0.43 0.53
0.61 0.48
0.14 0.85
0.35 0.59
0.41 0.59
0.49 0.55
0.51 0.52
0.56 0.48
0.57 0.43
0.61 0.36
0.58 0.40
0.62 0.49
0.61 0.42
0.68 0.32
0.58 0.41
0.48 0.59
0.70 0.35
0.82 0.31
0.44 0.53
0.56 0.37
0.45 0.48
0.47 0.55
0.56 0.52
0.61 0.48
0.51 0.58
0.37 0.62
0.46 0.59
0.42 0.56
0.45 0.56
0.47 0.57
0.46 0.58
0.47 0.58
0.63 0.31
0.62 0.36
0.28 0.77
0.38 0.66
0.57 0.45
0.47 0.55
0.49 0.54
0.80 0.24
0.52 0.43
0.35 0.72
0.81 0.33
0.60 0.47
0.27 0.74
0.41 0.63
0.46 0.49
0.74 0.37
0.47 0.59
0.75 0.36
0.64 0.41
0.64 0.35
0.39 0.51
0.38 0.62
0.45 0.53
0.43 0.57
0.46 0.63
0.49 0.40
0.58 0.40
0.29 0.72
0.48 0.56
0.39 0.65
0.42 0.68
0.50 0.61
0.59 0.40
0.52 0.53
0.51 0.44
0.35 0.60
0.72 0.33
0.46 0.56
0.62 0.36
0.58 0.39
0.58 0.57
0.53 0.51
0.41 0.56
0.51 0.62
0.53 0.46
0.50 0.49
0.45 0.64
0.46 0.54
0.60 0.58
0.52 0.48
0.73 0.22
0.61 0.42
0.56 0.53
0.41 0.50
0.45 0.60
0.50 0.43
0.41 0.73
0.63 0.45
0.54 0.50
0.52 0.48
0.40 0.66
0.39 0.65
0.46 0.60
0.61 0.49
0.53 0.49
0.60 0.51
0.46 0.54
0.49 0.50
0.38 0.65
0.46 0.59
0.61 0.47
0.64 0.42
0.44 0.65
0.57 0.44
0.76 0.30
0.29 0.72
0.28 0.71
0.42 0.72
0.48 0.54
0.63 0.35
0.45 0.65
0.51 0.40
0.63 0.36
0.60 0.46
0.68 0.36
0.58 0.45
0.52 0.55
0.45 0.49
0.48 0.58
0.58 0.45
0.50 0.48
0.32 0.69
0.40 0.60
0.61 0.46
0.44 0.59
0.53 0.38
0.40 0.52
0.55 0.46
0.29 0.64
0.48 0.66
0.60 0.45
0.22 0.75
0.52 0.50
0.65 0.32
0.50 0.51
0.69 0.38
0.42 0.58
0.40 0.52
0.33 0.67
0.49 0.52
0.50 0.51
0.50 0.53
0.62 0.47
0.40 0.50
0.22 0.72
0.58 0.43
0.56 0.46
0.42 0.65
0.49 0.50
0.25 0.74
0.59 0.42
0.12 1.00
0.69 0.49
0.49 0.54
0.31 0.74
0.43 0.68
0.74 0.45
0.55 0.45
0.62 0.41
0.74 0.33
0.50 0.57
0.27 0.76
0.32 0.73
0.52 0.50
0.57 0.40
0.59 0.52
0.57 0.50
0.48 0.56
0.56 0.52
0.40 0.67
0.46 0.60
0.62 0.46
0.39 0.59
0.43 0.60
0.62 0.47
0.62 0.50
0.56 0.41
0.27 0.76
0.78 0.32
0.69 0.32
0.52 0.53
0.61 0.59
0.64 0.44
0.56 0.54
0.54 0.50
0.54 0.52
0.50 0.50
0.52 0.58
0.57 0.61
0.58 0.42
0.06 0.97
0.27 0.72
0.58 0.47
0.37 0.61
0.48 0.61
0.58 0.50
0.38 0.65
0.64 0.44
0.46 0.56
0.37 0.67
0.51 0.59
0.61 0.48
0.51 0.49
0.47 0.61
0.35 0.71
0.75 0.30
0.74 0.27
0.45 0.53
0.61 0.39
0.74 0.35
0.64 0.47
0.13 0.89
0.38 0.75
0.62 0.58
0.43 0.65
0.55 0.56
0.62 0.40
0.39 0.70
0.62 0.47
0.42 0.59
0.54 0.48
0.77 0.24
0.72 0.37
0.48 0.52
0.52 0.51
0.76 0.47
0.61 0.59
0.35 0.60
0.35 0.64
0.38 0.68
0.40 0.70
0.49 0.62
0.39 0.64
0.48 0.58
0.59 0.62
0.70 0.46
0.36 0.63
0.60 0.43
0.48 0.65
0.50 0.64
0.26 0.80
0.49 0.58
0.67 0.44
0.67 0.34
0.62 0.40
0.69 0.32
0.50 0.61
0.69 0.38
0.53 0.43
0.56 0.46
0.48 0.48
0.27 0.82
0.54 0.53
0.42 0.59
0.37 0.62
0.42 0.57
0.58 0.46
0.75 0.31
0.69 0.46
0.42 0.61
0.84 0.30
0.62 0.35
0.53 0.48
0.48 0.53
0.51 0.57
0.46 0.73
0.71 0.35
0.37 0.63
0.20 0.80
0.59 0.47
0.47 0.54
0.66 0.43
0.54 0.61
0.50 0.63
0.37 0.75
0.54 0.47
0.39 0.63
0.42 0.66
0.41 0.68
0.48 0.60
0.60 0.31
0.33 0.64
0.46 0.61
0.49 0.61
0.58 0.47
0.62 0.45
0.54 0.46
0.42 0.56
0.36 0.59
0.68 0.23
0.42 0.69
0.75 0.23
0.57 0.46
0.79 0.30
0.53 0.43
0.38 0.68
0.49 0.59
0.47 0.54
0.58 0.46
0.47 0.63
0.45 0.66
0.39 0.64
0.42 0.56
0.39 0.76
0.49 0.51
0.59 0.54
0.38 0.70
0.57 0.40
0.57 0.35
0.68 0.27
0.55 0.48
0.79 0.19
0.62 0.44
0.25 0.88
0.79 0.35
0.56 0.53
0.50 0.48
0.56 0.56
0.46 0.64
0.78 0.33
0.37 0.67
0.61 0.46
0.78 0.29
0.64 0.37
0.63 0.49
0.32 0.79
0.49 0.55
0.20 0.90
0.30 0.78
0.34 0.68
0.41 0.72
0.77 0.31
0.76 0.31
0.53 0.50
0.61 0.40
0.83 0.18
0.52 0.56
0.47 0.54
0.54 0.54
0.61 0.51
0.39 0.71
0.45 0.70
0.59 0.43
0.31 0.80
0.44 0.57
0.54 0.44
0.50 0.50
0.66 0.46
0.41 0.68
0.78 0.31
0.43 0.56
0.55 0.56
0.50 0.63
0.55 0.58
0.48 0.62
0.37 0.73
0.55 0.62
0.43 0.57
0.66 0.43
0.41 0.60
0.63 0.35
0.44 0.58
0.76 0.29
0.79 0.30
0.54 0.48
0.35 0.60
0.31 0.79
0.33 0.73
0.51 0.55
0.27 0.73
0.58 0.42
0.55 0.55
0.23 0.88
0.74 0.31
0.53 0.57
0.34 0.66
0.52 0.53
0.33 0.73
0.48 0.67
0.44 0.72
0.56 0.57
0.48 0.64
0.23 0.85
0.47 0.60
0.43 0.54
0.26 0.71
0.49 0.61
0.63 0.49
0.40 0.66
0.48 0.63
0.45 0.61
0.60 0.47
0.22 0.84
0.79 0.35
0.59 0.51
0.51 0.55
0.21 0.81
0.77 0.14
0.64 0.44
0.57 0.50
0.70 0.39
0.16 0.86
0.43 0.64
0.60 0.45
0.39 0.64
0.31 0.71
0.49 0.55
0.47 0.56
0.67 0.47
0.37 0.66
0.54 0.51
0.76 0.35
0.67 0.39
0.72 0.44
0.32 0.71
0.54 0.52
0.54 0.46
0.62 0.47
0.46 0.60
0.46 0.66
0.48 0.56
0.42 0.64
0.50 0.61
0.69 0.51
0.38 0.57
0.29 0.84
0.64 0.43
0.31 0.65
0.08 0.87
0.60 0.37
0.62 0.51
0.67 0.41
0.71 0.36
0.84 0.29
0.40 0.73
0.66 0.49
0.32 0.74
0.68 0.42
0.44 0.55
0.55 0.48
0.44 0.70
0.31 0.70
0.51 0.60
0.47 0.57
0.65 0.36
0.69 0.38
0.64 0.43
0.48 0.54
0.61 0.41
0.53 0.52
0.39 0.69
0.62 0.50
0.51 0.55
0.53 0.56
0.41 0.61
0.60 0.50
0.50 0.44
0.27 0.83
0.58 0.50
0.60 0.44
0.51 0.54
0.56 0.51
0.59 0.54
0.69 0.45
0.35 0.64
0.31 0.70
0.36 0.59
0.39 0.62
0.10 0.99
0.56 0.56
0.38 0.68
0.37 0.64
0.52 0.56
0.63 0.44
0.46 0.55
0.57 0.48
0.45 0.66
0.45 0.63
0.45 0.69
0.49 0.65
0.44 0.69
0.68 0.38
0.55 0.55
0.50 0.58
0.43 0.57
0.48 0.58
0.48 0.51
0.72 0.39
0.65 0.37
0.61 0.56
0.64 0.41
0.37 0.55
0.50 0.60
0.40 0.73
0.33 0.82
0.58 0.56
0.56 0.47
0.23 0.82
0.44 0.75
0.24 0.83
0.33 0.72
0.31 0.79
0.59 0.50
0.55 0.49
0.72 0.35
0.56 0.55
0.50 0.49
0.33 0.69
0.61 0.52
0.61 0.40
0.51 0.69
0.63 0.51
0.67 0.27
0.51 0.58
0.61 0.47
0.71 0.43
0.62 0.46
0.73 0.41
0.45 0.55
0.66 0.33
0.56 0.42
0.55 0.56
0.52 0.57
0.49 0.42
0.43 0.68
0.60 0.53
0.26 0.77
0.59 0.45
0.60 0.46
0.45 0.56
0.25 0.66
0.79 0.34
0.37 0.64
0.44 0.60
0.68 0.42
0.52 0.53
0.63 0.42
0.54 0.60
0.45 0.70
0.63 0.51
0.46 0.63
0.64 0.47
0.60 0.53
0.65 0.51
0.50 0.56
0.74 0.24
0.40 0.65
0.46 0.65
0.40 0.68
0.41 0.72
0.67 0.44
0.64 0.48
0.11 0.88
0.71 0.35
0.64 0.44
0.53 0.50
0.43 0.58
0.48 0.63
0.65 0.43
0.13 0.96
0.46 0.68
0.57 0.49
0.47 0.55
0.51 0.51
0.33 0.67
0.32 0.77
0.91 0.23
0.54 0.48
0.56 0.62
0.49 0.57
0.41 0.63
0.70 0.33
0.32 0.75
0.73 0.21
0.63 0.31
0.43 0.60
0.57 0.52
0.66 0.45
0.52 0.56
0.59 0.53
0.55 0.52
0.36 0.65
0.61 0.42
0.46 0.56
0.70 0.39
0.49 0.55
0.54 0.63
0.55 0.48
0.37 0.73
0.46 0.59
0.50 0.57
0.32 0.68
0.74 0.39
0.65 0.39
0.64 0.38
0.54 0.62
0.46 0.55
0.53 0.46
0.34 0.69
0.50 0.55
0.44 0.73
0.57 0.45
0.39 0.68
0.55 0.49
0.62 0.34
0.74 0.37
0.50 0.54
0.57 0.48
0.53 0.61
0.61 0.39
0.26 0.77
0.51 0.55
0.44 0.65
0.40 0.59
0.48 0.61
0.71 0.31
0.47 0.69
0.73 0.32
0.55 0.41
0.54 0.45
0.71 0.40
0.53 0.54
0.77 0.37
0.42 0.59
0.61 0.51
0.41 0.71
0.70 0.39
0.37 0.63
0.59 0.46
0.67 0.35
0.54 0.64
0.38 0.60
0.30 0.73
0.36 0.63
0.47 0.60
0.34 0.71
0.55 0.56
0.39 0.67
0.57 0.46
0.46 0.55
0.40 0.63
0.45 0.59
0.41 0.68
0.90 0.24
0.38 0.78
0.76 0.28
0.63 0.42
0.72 0.32
0.55 0.48
0.60 0.49
0.39 0.72
0.53 0.61
0.51 0.53
0.33 0.64
0.53 0.55
0.81 0.43
0.64 0.41
0.72 0.31
0.58 0.54
0.67 0.36
0.44 0.60
0.35 0.65
0.64 0.43
0.49 0.54
0.44 0.66
0.39 0.64
0.56 0.53
0.83 0.19
0.62 0.50
0.35 0.73
0.20 0.87
0.82 0.34
0.44 0.55
0.78 0.32
0.64 0.43
0.50 0.62
0.74 0.21
0.27 0.71
0.53 0.47
0.48 0.62
0.50 0.50
0.69 0.43
0.29 0.76
0.51 0.59
0.48 0.55
0.56 0.59
0.43 0.66
0.54 0.61
0.52 0.56
0.37 0.75
0.72 0.40
0.63 0.55
0.72 0.30
0.65 0.32
0.27 0.74
0.57 0.51
0.55 0.35
0.55 0.54
0.46 0.56
0.44 0.62
0.52 0.52
0.24 0.71
0.41 0.64
0.45 0.55
0.46 0.62
0.41 0.52
0.45 0.75
0.32 0.72
0.33 0.80
0.61 0.42
0.53 0.58
0.56 0.46
0.70 0.38
0.60 0.59
0.60 0.47
0.35 0.67
0.25 0.77
0.21 0.84
0.43 0.57
0.42 0.67
0.53 0.66
0.75 0.43
0.34 0.74
0.52 0.49
0.41 0.69
0.38 0.70
0.63 0.42
0.63 0.45
0.56 0.49
0.53 0.46
0.47 0.59
0.29 0.73
0.34 0.73
0.53 0.51
0.69 0.36
0.59 0.41
0.21 0.88
0.54 0.51
0.66 0.51
0.41 0.53
0.44 0.65
0.55 0.54
0.35 0.68
0.50 0.54
0.45 0.67
0.45 0.62
0.60 0.35
0.74 0.31
0.43 0.75
0.47 0.73
0.63 0.49
0.35 0.65
0.79 0.38
0.42 0.70
0.32 0.74
0.78 0.28
0.65 0.53
0.65 0.42
0.76 0.36
0.64 0.47
0.59 0.49
0.64 0.45
0.70 0.44
0.36 0.81
0.75 0.35
0.45 0.57
0.30 0.74
0.71 0.34
0.52 0.61
0.58 0.62
0.52 0.73
0.81 0.31
0.75 0.41
0.76 0.37
0.66 0.49
0.65 0.44
0.66 0.39
0.55 0.47
0.51 0.47
0.69 0.51
0.43 0.70
0.64 0.43
0.54 0.51
0.64 0.37
0.26 0.84
0.54 0.60
0.53 0.57
0.34 0.62
0.48 0.58
0.40 0.53
0.44 0.56
0.52 0.55
0.46 0.56
0.29 0.83
0.51 0.67
0.29 0.85
0.67 0.47
0.39 0.60
0.67 0.34
0.38 0.73
0.40 0.68
0.53 0.48
0.42 0.55
0.71 0.46
0.47 0.57
0.61 0.41
0.46 0.69
0.57 0.54
0.58 0.48
0.46 0.54
0.59 0.37
0.49 0.61
0.64 0.35
0.29 0.69
0.59 0.42
0.58 0.45
0.56 0.53
0.55 0.56
0.54 0.58
0.45 0.59
0.66 0.50
0.49 0.57
0.53 0.60
0.52 0.58
0.44 0.57
0.40 0.74
0.51 0.52
0.88 0.20
0.59 0.44
0.53 0.56
0.73 0.39
0.54 0.55
0.68 0.41
0.56 0.47
0.68 0.44
0.28 0.74
0.38 0.61
0.54 0.39
0.58 0.50
0.48 0.58
0.56 0.53
0.40 0.75
0.52 0.48
0.57 0.39
0.54 0.49
0.52 0.52
0.60 0.53
0.60 0.42
0.65 0.34
0.47 0.64
0.42 0.67
0.42 0.73
0.41 0.62
0.63 0.40
0.48 0.56
0.36 0.74
0.65 0.36
0.43 0.61
0.48 0.56
0.54 0.52
0.69 0.32
0.50 0.56
0.36 0.67
0.47 0.64
0.78 0.30
0.72 0.39
0.59 0.52
0.55 0.46
0.59 0.45
0.41 0.67
0.54 0.50
0.71 0.43
0.41 0.66
0.41 0.76
0.49 0.63
0.43 0.61
0.71 0.48
0.21 0.76
0.52 0.59
0.64 0.41
0.33 0.69
0.30 0.78
0.71 0.26
0.63 0.53
0.48 0.60
0.30 0.73
0.77 0.27
0.49 0.53
0.62 0.40
0.56 0.57
0.36 0.63
0.71 0.33
0.36 0.69
0.64 0.44
0.39 0.63
0.23 0.78
0.42 0.76
0.58 0.40
0.56 0.45
0.57 0.45
0.39 0.61
0.48 0.55
0.51 0.60
0.49 0.58
0.77 0.34
0.52 0.55
0.55 0.60
0.78 0.30
0.57 0.56
0.41 0.65
0.72 0.36
0.39 0.68
0.43 0.64
0.45 0.58
0.25 0.87
0.47 0.62
0.20 0.86
0.34 0.62
0.60 0.57
0.68 0.30
0.71 0.41
0.28 0.70
0.37 0.75
0.51 0.65
0.35 0.70
0.48 0.49
0.35 0.74
0.37 0.67
0.38 0.79
0.61 0.45
0.62 0.52
0.33 0.66
0.69 0.36
0.46 0.54
0.31 0.72
0.52 0.55
0.35 0.77
0.47 0.63
0.58 0.47
0.59 0.48
0.44 0.59
0.36 0.65
0.58 0.38
0.39 0.74
0.58 0.49
0.56 0.52
0.62 0.38
0.42 0.62
0.34 0.64
0.73 0.26
0.63 0.39
0.50 0.53
0.51 0.60
0.52 0.55
0.66 0.46
0.62 0.49
0.47 0.55
0.40 0.69
0.48 0.54
0.59 0.40
0.45 0.63
0.55 0.46
0.74 0.33
0.57 0.46
0.58 0.47
0.26 0.80
0.29 0.78
0.50 0.56
0.46 0.65
0.57 0.46
0.56 0.57
0.72 0.31
0.52 0.60
0.35 0.69
0.49 0.53
0.65 0.34
0.54 0.53
0.64 0.47
0.48 0.59
0.55 0.50
0.40 0.60
0.17 0.91
0.57 0.55
0.54 0.60
0.52 0.61
0.71 0.46
0.39 0.68
0.48 0.54
0.56 0.48
0.41 0.52
0.54 0.52
0.52 0.55
0.64 0.39
0.39 0.65
0.55 0.58
0.44 0.67
0.41 0.62
0.51 0.54
0.57 0.50
0.41 0.65
0.39 0.70
0.55 0.52
0.43 0.72
0.46 0.67
0.35 0.80
0.59 0.36
0.59 0.48
0.69 0.33
0.72 0.37
0.39 0.68
0.29 0.61
0.47 0.56
0.58 0.53
0.52 0.49
0.41 0.63
0.80 0.28
0.63 0.41
0.55 0.49
0.60 0.56
0.32 0.84
0.57 0.50
0.56 0.51
0.28 0.79
0.50 0.59
0.68 0.35
0.83 0.29
0.55 0.50
0.43 0.61
0.42 0.59
0.35 0.65
0.41 0.70
0.70 0.42
0.69 0.46
0.30 0.68
0.44 0.67
0.48 0.52
0.74 0.35
0.56 0.55
0.51 0.50
0.41 0.69
0.46 0.69
0.46 0.61
0.60 0.56
0.56 0.50
0.37 0.64
0.62 0.56
0.51 0.53
0.74 0.26
0.58 0.53
0.47 0.59
0.60 0.49
0.27 0.76
0.56 0.42
0.83 0.36
0.43 0.70
0.61 0.44
0.78 0.21
0.73 0.31
0.61 0.49
0.77 0.40
0.52 0.61
0.78 0.40
0.12 0.91
0.70 0.40
0.67 0.34
0.53 0.57
0.59 0.42
0.39 0.64
0.35 0.71
0.50 0.57
0.24 0.68
0.50 0.58
0.49 0.59
0.35 0.74
0.73 0.34
0.68 0.48
0.48 0.55
0.50 0.48
0.45 0.76
0.36 0.65
0.56 0.62
0.37 0.79
0.32 0.66
0.56 0.47
0.56 0.43
0.70 0.37
0.35 0.70
0.50 0.47
0.43 0.53
0.59 0.44
0.54 0.44
0.62 0.45
0.46 0.59
0.69 0.40
0.67 0.41
0.19 0.81
0.86 0.18
0.56 0.47
0.55 0.50
0.57 0.52
0.55 0.57
1.00 0.00
0.69 0.28
0.67 0.34
0.00 1.00
0.56 0.41
0.27 0.82
0.54 0.39
0.61 0.26
0.54 0.44
0.58 0.49
0.53 0.53
0.58 0.43
0.46 0.56
0.57 0.57
0.51 0.58
0.81 0.09
0.44 0.52
0.38 0.63
0.09 0.88
0.52 0.48
0.35 0.76
0.52 0.59
0.46 0.66
0.53 0.59
0.38 0.66
0.63 0.47
0.56 0.57
0.66 0.44
0.57 0.61
0.40 0.68
0.57 0.44
0.40 0.68
0.77 0.31
0.52 0.48
0.88 0.18
0.24 0.86
0.50 0.51
0.62 0.55
0.34 0.78
0.43 0.49
0.21 0.75
0.64 0.36
0.57 0.50
0.34 0.65
0.53 0.37
0.24 0.64
0.35 0.72
0.62 0.54
0.66 0.44
0.41 0.65
0.30 0.82
0.06 0.96
0.47 0.58
0.75 0.34
0.47 0.51
0.35 0.62
0.49 0.43
0.47 0.59
0.55 0.64
0.76 0.39
0.46 0.66
0.30 0.69
0.68 0.40
0.50 0.68
0.80 0.36
0.38 0.63
0.34 0.65
0.45 0.65
0.85 0.18
0.72 0.27
0.38 0.57
0.53 0.62
0.41 0.69
0.45 0.72
0.44 0.57
0.73 0.35
0.23 0.84
0.34 0.74
0.58 0.48
0.47 0.64
0.48 0.66
0.50 0.43
0.61 0.56
0.56 0.42
0.09 0.85
0.22 0.74
0.44 0.56
0.23 0.73
0.36 0.65
0.61 0.39
0.72 0.40
1.00 0.09
0.51 0.62
0.39 0.87
0.37 0.66
0.54 0.49
0.65 0.32
0.65 0.37
0.86 0.43
0.43 0.64
0.32 0.84
0.60 0.41
0.38 0.72
0.31 0.86
0.64 0.30
0.73 0.34
0.74 0.47
0.61 0.37
0.32 0.66
0.48 0.57
0.67 0.47
0.55 0.61
0.50 0.65
0.49 0.51
0.58 0.55
0.30 0.87
0.41 0.56
0.63 0.44
0.58 0.54
0.65 0.45
0.70 0.43
0.20 0.90
0.42 0.60
0.47 0.55
0.57 0.55
0.21 0.74
0.73 0.51
0.69 0.37
0.62 0.54
0.49 0.52
0.41 0.60
0.51 0.56
0.71 0.25
0.32 0.69
0.86 0.23
0.43 0.58
0.51 0.66
0.68 0.41
0.52 0.49
0.50 0.42
0.37 0.67
0.49 0.60
0.61 0.42
0.54 0.68
0.68 0.37
0.57 0.42
0.36 0.74
0.62 0.48
0.26 0.61
0.33 0.73
0.55 0.57
0.77 0.42
0.41 0.59
0.57 0.48
0.49 0.57
0.85 0.40
0.42 0.85
0.65 0.45
0.49 0.51
0.64 0.51
0.60 0.45
0.41 0.53
0.11 0.94
0.45 0.55
0.11 0.95
0.53 0.54
0.53 0.59
0.23 0.73
0.52 0.69
0.54 0.52
0.35 0.76
0.29 0.87
1.00 0.13
0.70 0.30
0.35 0.88
0.33 0.76
0.39 0.69
0.41 0.70
0.40 0.73
0.79 0.44
0.91 0.18
0.45 0.53
0.77 0.42
0.24 0.85
0.80 0.36
0.61 0.49
0.41 0.69
0.51 0.60
0.62 0.33
0.40 0.54
0.43 0.62
0.65 0.60
0.47 0.53
0.30 0.88
0.47 0.50
0.73 0.49
0.65 0.40
0.49 0.45
0.64 0.41
0.03 1.00
0.44 0.79
0.70 0.35
0.94 0.00
0.37 0.89
0.88 0.29
0.21 0.98
0.68 0.49
0.73 0.10
0.68 0.35
0.84 0.32
0.59 0.48
0.35 0.75
0.58 0.46
0.43 0.74
0.55 0.39
0.63 0.44
0.54 0.46
0.74 0.15
0.84 0.31
0.27 0.72
0.48 0.42
0.84 0.15
0.25 0.91
0.59 0.33
0.78 0.22
0.65 0.58
0.65 0.37
0.40 0.68
0.47 0.56
0.54 0.70
0.47 0.68
0.45 0.51
0.29 0.67
0.53 0.59
0.72 0.27
0.74 0.20
0.50 0.50
0.54 0.46
0.35 0.59
0.27 0.77
0.70 0.48
0.61 0.46
0.42 0.62
0.60 0.30
0.56 0.46
0.88 0.01
0.75 0.45
0.46 0.58
0.71 0.33
0.00 0.96
0.56 0.54
0.70 0.17
0.53 0.38
0.66 0.44
0.39 0.62
0.44 0.73
0.28 0.64
0.31 0.78
0.81 0.12
0.76 0.13
0.34 0.74
0.72 0.50
0.67 0.35
0.85 0.10
0.25 0.70
0.42 0.58
0.69 0.22
0.00 0.98
0.18 0.83
0.27 0.69
0.48 0.51
0.64 0.18
0.68 0.13
0.51 0.56
0.69 0.38
0.49 0.40
0.89 0.11
0.54 0.52
0.45 0.55
0.34 0.74
0.37 0.66
0.30 0.83
0.46 0.70
0.21 0.83
0.66 0.42
0.42 0.51
0.81 0.16
0.66 0.30
0.57 0.33
0.34 0.73
1.00 0.11
0.42 0.58
0.65 0.44
0.56 0.52
0.32 0.75
0.21 0.81
0.50 0.59
0.42 0.49
0.56 0.26
0.61 0.70
0.60 0.44
0.49 0.64
0.44 0.40
0.45 0.56
0.00 1.00
0.33 0.54
0.00 0.73
0.14 1.00
0.20 0.63
0.62 0.29
0.70 0.30
0.38 0.31
0.28 0.81
0.50 0.58
0.56 0.37
0.51 0.44
0.43 0.51
0.74 0.40
0.09 0.89
0.73 0.20
0.99 0.02
0.33 0.71
0.00 0.89
0.52 0.37
0.20 0.66
0.28 0.68
0.20 0.51
0.38 0.49
0.12 0.59
0.15 0.75
0.36 0.50
0.50 0.61
0.26 0.60
0.26 0.50
0.03 0.72
0.53 0.43
0.40 0.57
0.05 0.72
0.46 0.45
0.55 0.40
0.53 0.42
0.42 0.45
1.00 0.00
1.00 0.00
0.53 0.36
0.95 0.01
1.00 0.00
0.00 1.00
0.29 0.13
0.04 0.22
0.39 0.00
