0.47173889308050987,0.37323356052588363,0.3407943341525336
0.665290724652835,0.24123684630561276,0.2723359971846993
0.6767949718251379,0.2476149115744771,0.34649010145052983
0.49580996868754523,0.41399866260018897,0.5123812490040072
0.4786021086649261,0.5674109505336462,0.413596099171289
0.5072133200755135,0.4305123368904682,0.4519872111758627
0.6350827587153846,0.440825983888607,0.44232934186230594
0.2915446577103284,0.8674855876612629,0.8166233105203005
0.5654432763809136,0.4387364056266816,0.2810223638307273
0.604871152730939,0.506798171134779,0.5138648653550867
0.34489335008114214,0.4841291209727558,0.5388740895544527
0.6488097552597714,0.38914711397744717,0.37502110962466856
0.510277955895473,0.42093521500813497,0.3996386104200677
0.30580021584437705,0.5798055337464447,0.5768202655987533
0.4695280484090861,0.6011374462866673,0.488138457815613
0.5226659162313566,0.5328549752850368,0.440361346630071
0.3717989503102693,0.5990427070808176,0.6969897627341941
0.2714233876885565,0.5652705626848926,0.6661658785430268
0.625802640057878,0.4519173135034085,0.3232546752389285
0.4918469283917387,0.5580990796729328,0.5678689073048575
0.48911882314776756,0.42927284901634966,0.4263195095183591
0.6134739134840672,0.3683560068105902,0.36374002951264145
0.6617452706741791,0.3697825526216152,0.34256847950600805
0.524057969751227,0.5576251094614925,0.4855447383880344
0.5899361715113659,0.4529631199898908,0.41138603452696165
0.447105551328222,0.6343367225979175,0.4795675102065498
0.36032985081075763,0.6613557215818646,0.5554818962761111
0.49349957376949066,0.47451264399835563,0.5274067957758839
0.6286309044317571,0.4078739060724091,0.4037783514993906
0.5151965887543798,0.46880809585964417,0.5041827227174054
0.21825514052100095,0.630925635451716,0.65552838387587
0.6546298241890356,0.4810646263971015,0.4922947816668653
0.6112011504557753,0.40729486096953643,0.48108411943127527
0.40221523679413096,0.5906370644975698,0.437403686671531
0.32048602752101035,0.5027891806236502,0.6069428906141118
0.5570441982371998,0.6425855437040605,0.5955999584408166
0.8006408623817438,0.15551543492881903,0.19623455084137734
0.7457283704840203,0.12556082726792514,0.19351146534254074
0.4772890364309707,0.6260553774272786,0.6490981440709471
0.38609462229751373,0.6156163867364275,0.6595709595384873
0.30494901060606583,0.6149110070412239,0.6582009324213621
0.5076583670102143,0.3807080844489424,0.4940964842322154
0.5103237310729797,0.45278238722661324,0.5249270594534613
0.6428440025950842,0.4784290930194994,0.40402572016204585
0.5880317056459989,0.6524994147957723,0.6223688297197226
0.5540173719895416,0.4675783057839866,0.4795284674378682
0.4992547064154935,0.42604014783876826,0.4434268688217092
0.33789749644308387,0.6059339855398801,0.6023064118938118
0.6146653372446094,0.41752245720810266,0.46099834780852783
0.575008102704366,0.360854109141397,0.3995007493523141
0.7645225879315152,0.16540260518459823,0.22163400132581676
0.4757972422683398,0.49582594495657656,0.548337720917249
0.42487050816622385,0.5552612624002803,0.5044000712575197
0.5710435590064383,0.470585685332442,0.3605475473532959
0.3553831242942863,0.6872985669683055,0.5551571333723749
0.4975480426230668,0.49610848139872943,0.41561228084931034
0.4599442390475077,0.5791944929045326,0.6197024257764869
0.6718588590995972,0.3635799585569656,0.29967867601819254
0.351789090705391,0.6807856937415248,0.7087301530623071
0.5191641032367816,0.4754020280731754,0.4759455318328191
0.6847699353711828,0.2906579371227054,0.31438058663247326
0.5404235236985089,0.32063491281485224,0.3217581817706519
0.4446936899094006,0.6491163856799664,0.6243883057945053
0.4231676033370959,0.4501083234999263,0.48137101859519604
0.5869076427399321,0.48708098401401395,0.5139431265155532
0.5571383224863237,0.42379081292780285,0.37946281489518785
0.5020465703244752,0.4488222320973808,0.610422635094679
0.5166967355088437,0.4609244942312925,0.4936758421556127
0.6901555498329941,0.15606081348536358,0.3146976461302509
0.4923602551855822,0.35771954546377666,0.4460284633893533
0.482086403788447,0.564415544443209,0.5214906880718403
0.20469349899880201,0.6095821573537912,0.6424294170996859
0.32225514711086295,0.6187839960790044,0.6320929280831036
0.5245098526541337,0.5893213021075836,0.613038963401885
0.649292883989962,0.2994369967604587,0.3429415045235444
0.6212231068224645,0.1594111399754329,0.24457563531116736
0.33535014742096436,0.6657842697956676,0.6267162384838225
0.5329074632211187,0.4513153640798757,0.4800826498996078
0.7294645505871475,0.35803109510422887,0.28595606933888834
0.4055611162730879,0.6746637921913818,0.5874551777652441
0.2721331559335438,0.6604252258268379,0.7617248225381515
0.5325676001418158,0.5781558006589965,0.5556013564785444
0.5128117575810044,0.4849414195635976,0.46627248590122605
0.7162055154896793,0.3003919525107858,0.30150363386122425
0.4775184088792048,0.542589225726213,0.5506707070859975
0.5646677090247392,0.5788039968139597,0.5327702736497616
0.5478902255584956,0.42849026924873307,0.5819928320972493
0.3989451626092015,0.5717104913842409,0.4516640772931216
0.5129545638534094,0.5046252763635036,0.4682637689250401
0.5377172404171442,0.32780599718186776,0.29898913043588954
0.5373472014432358,0.49347844606639757,0.4416368827962324
0.5647400237042027,0.3717392720900486,0.37217644560053437
0.30177374818313124,0.624147034660241,0.6243307644417542
0.3989581855405964,0.6341638433884048,0.5616886131149649
0.8205324699398416,0.24694789808336337,0.3218402759342681
0.4360818157665695,0.5257676127258931,0.6175117904440677
0.462744687292788,0.6745135610200906,0.6664707111437519
0.6012504105192036,0.46068635624067833,0.47344154590685944
0.40934507287512284,0.5812344484885036,0.5844039867883828
0.3349785479113596,0.7827698022763719,0.684313124557568
0.47538438256578286,0.35276733776504415,0.309904183919658
0.4789348808192628,0.4143332563319821,0.5019202071087533
0.5442372863588264,0.34497464165702624,0.4071543925993578
0.29362762858593994,0.6363181386354612,0.6713814465729869
0.5396100262472371,0.4803724933050994,0.4749811412529969
0.305874968628505,0.6339825654246026,0.5592416506974862
0.366019864912997,0.5990628019953561,0.628708909878965
0.6281209437956522,0.37466443185576875,0.3751200167217529
0.7013748432148607,0.15871535783668914,0.16016992798493035
0.7631674650345318,0.3850793971269436,0.41679832758418317
0.4120121545059341,0.4200968127440275,0.4478083454553715
0.6744241375274003,0.2333073837346865,0.2454159617086347
0.3662206290831803,0.6498363079106498,0.6354201530302807
0.6499912183278813,0.31301585424161854,0.2665630566028157
0.4008650495551632,0.6368016657360572,0.6728722597318735
0.2697061259701573,0.6168887916897463,0.7698546371563447
0.6094405665192041,0.38004604111501133,0.390528581241841
0.33642922726803376,0.6592465544689908,0.6465489640555552
0.49156353926490265,0.46622392317177236,0.4759418921605625
0.3310923543742592,0.5872748671341158,0.5814693021482964
0.6023972780260282,0.4365960422501896,0.40804242560565546
0.7241446334169127,0.3840391032540865,0.34343915036532174
0.4371075953112891,0.4782299719947159,0.4294189296177977
0.5219322430855212,0.3779526345012295,0.3797984487801469
0.46061373408704565,0.5886522207120083,0.5478134475206485
0.6651265333020768,0.29039176565359015,0.37578429436833394
0.4944181333754741,0.594981713471121,0.5765422371322794
0.5294899698511707,0.4682352160293009,0.4744908716675448
0.41968341416706273,0.7249386121107975,0.61734511752341
0.29370871924980824,0.6771187446398295,0.7648198056592326
0.4130171012860014,0.553200374153874,0.535407819021647
0.8503004141506781,0.19558267624383233,0.2175385142331047
0.5668914936463884,0.46185682999955024,0.49788575097835075
0.46734729861643504,0.6541950991170791,0.6031550323542458
0.6797908345072324,0.2130928701767191,0.20219551657479426
0.21428304411188198,0.775436904487937,0.8048585760160387
0.30271194560177755,0.8447277805653156,0.8439326567794294
0.6205814465821786,0.40094925135953036,0.3756711988158102
0.4801866003050025,0.4539758328184813,0.49124924744152093
0.44050225219823896,0.6128066475248516,0.569895141576687
0.6732583222544678,0.48969794914888404,0.5144519679668983
0.5094930967324117,0.2936392575983746,0.31416727569903
0.48013646025110673,0.6129268254957065,0.6510041827614451
0.44952241607857696,0.6194942202782115,0.5802645314628154
0.5461584467700183,0.4485576052112709,0.5404465191554201
0.5834121146657392,0.45999114537751484,0.5039762599069817
0.5155587512268324,0.463364294072082,0.42266893542160877
0.5580563149639702,0.7685892496463943,0.704368490287664
0.6891859461584401,0.45190089364215646,0.42869993353150687
0.4060618683397767,0.4340394726972527,0.5157420250188074
0.6060468968781375,0.34623358740911364,0.29308547369816607
0.5600484129029012,0.4305557847228124,0.4566682814580802
0.40816696645791145,0.4918241293336904,0.5791556072803518
0.5962792056200164,0.4510838201328266,0.44784466037458015
0.2584274385180914,0.682121211916995,0.7263456315417162
0.2869768311167436,0.8785522405747475,0.8944835167796987
0.6002877399888018,0.5666575834658961,0.5067564683348205
0.262102705664177,0.7165177324822098,0.6739798592416972
0.7462946032340602,0.08015885798971809,0.08294640150522764
0.5507205777278172,0.46217969876683074,0.4586195319329823
0.5282100329172629,0.32212326035472255,0.4246926884447089
0.45131999016888696,0.4768209982412839,0.4290590294052511
0.5529881535520681,0.5448905353084408,0.5632692710639636
0.6455539314821181,0.5181897989104315,0.5332282158303889
0.4662586045419306,0.534561008352561,0.7023619852010297
0.33934937834943807,0.613575631188578,0.6529034721101462
0.5542278503312358,0.4067617646498726,0.38580164314742726
0.5357608498235183,0.4848325566337963,0.5109605009173341
0.30325117125263307,0.43403273830402167,0.5385991555888632
0.4469721605764981,0.38490242456810664,0.42660221502946816
0.4052444387737664,0.4951683320942055,0.5298383399585455
0.6039883586905922,0.4847725646894166,0.39630141688060416
0.6001619626816025,0.31667634961801644,0.4161245345160306
0.5932237236674976,0.39761057079430273,0.4511112047612657
0.31395053399419903,0.7067673575651189,0.6887898247417104
0.6116770116618645,0.4530329719480324,0.4572571709373683
0.6123681271413078,0.387971982502987,0.3597665290584451
0.5776946070767033,0.4150682600708269,0.5253049481534343
0.4970640907614883,0.3758356755196397,0.4340338486152737
0.462042086916506,0.687769918034985,0.648915303370104
0.46744414367525217,0.44099318334495985,0.5012811230091784
0.2980440456526911,0.6586198707482481,0.6871804049089422
0.46035137347602295,0.6481697472802305,0.7021908393416189
0.5543992229762998,0.49657228283848587,0.41639805277391145
0.36950907782621817,0.623916469910112,0.6781224066115914
0.31478810691701636,0.6267070677497679,0.6231084292559316
0.5351843825724232,0.3075594731180857,0.3305444598041805
0.6223398275735816,0.4129883707999131,0.35849211676518317
0.45738089332798376,0.5202102005608888,0.5511878629211356
0.5649717105849794,0.5130495405314638,0.5278938992648635
0.5520811972637767,0.3137895546617142,0.2065036724729459
0.4867913641115066,0.44798576631076226,0.45876776497094374
0.3960814584322687,0.5547104322680722,0.5773771204141382
0.46741146766772845,0.48616442125066855,0.5238000794640797
0.4454887201940964,0.5568640222203467,0.5500012609687106
0.3953236088609168,0.7141510774204697,0.6589404714497007
0.47905761079601034,0.5841721062916481,0.588491300135372
0.7071476485049687,0.2518857173114437,0.27324283839915636
0.6473200384986287,0.3103106075338328,0.3184442341716967
0.5763972570854673,0.44321705167714537,0.48486776398323334
0.47216314576232665,0.4571293186062801,0.4501416022985105
0.3099077151700089,0.7630184564840498,0.8452564312313683
0.44926308623994277,0.5051021881648498,0.49842994529921786
0.5960452703799634,0.5282326984992115,0.4994354870189535
0.41386917678090196,0.613172518349329,0.6633725717130692
0.6237502534512102,0.26789511000380994,0.2658297502723053
0.19777074838210384,0.6123682629261175,0.7518228378173862
0.3567080049097992,0.6279614882653787,0.5823701137181406
0.4458735859261527,0.5836833546823784,0.68966181510048
0.4022840624108679,0.5621951188735588,0.47921483863821057
0.6802410456568198,0.2833589644411162,0.2941573837688173
0.5828424440083859,0.4556009743519318,0.40747925386808165
0.43856892161412536,0.507160019189033,0.48254385640845704
0.586633561902583,0.5113203299655334,0.47850811354092276
0.3202076539172454,0.5574164281953914,0.5822705695263585
0.2166531814854681,0.746873237756543,0.7811529337094739
0.6697611006142554,0.282165345754732,0.38658890253290523
0.6237146545621628,0.37876399452954235,0.3769838125375288
0.5744962973172634,0.3069679187339339,0.41613336856510147
0.6497795267960466,0.40093991052318356,0.39310219045259265
0.4294520104260536,0.6600639774932434,0.5867917773589273
0.573536470902106,0.6038985759734433,0.4289450124295241
0.6314162868297123,0.37630312624252493,0.4390742449798564
0.32216994111220315,0.7141184280740552,0.6840114884390623
0.4647662184833451,0.49683327734968896,0.545594960585998
0.579353602266681,0.3819516202097653,0.3864654607735472
0.503457526908557,0.4945349885764725,0.5643060567037377
0.4845366513394919,0.4463215273870524,0.37835528827395115
0.4222178031967532,0.5378728357287318,0.572653028634549
0.326447171652646,0.5222158024813952,0.5648328295822848
0.4520102724857437,0.5002329149524694,0.47649583363394965
0.5234973262854709,0.44576247708547123,0.2725026719861965
0.5157642965017215,0.4884172916357924,0.39362539846617767
0.48654138139247366,0.4466104358660596,0.4236642857604489
0.4889210862480347,0.41928101350447816,0.3594692372775425
0.47620182548484397,0.6503404276698985,0.5701069197951545
0.3655895525950603,0.46246237395005135,0.7035256124359115
0.23323896882514766,0.8849290786383309,0.7038668616131468
0.6738681077279797,0.14802216643987937,0.1740487310214376
0.4282978769461861,0.6069477277452977,0.6820375279562453
0.4038345102240489,0.5084461056799833,0.5125467398495646
0.604358125742582,0.5275988955406807,0.5516493358503584
0.6095910351912186,0.4782386659000405,0.5022260520562754
0.6669264752595575,0.2097049214469487,0.16515090119903356
0.5997073109860729,0.3579735139148494,0.5914679274546978
0.37620518965336386,0.5769872143088673,0.4452321688557915
0.43506626424182515,0.6892468187598423,0.7340534586919766
0.5412186642166914,0.29316518951975507,0.32188879258885345
0.6828125745247282,0.23717139684254393,0.28537078583731135
0.7444791179434349,0.2581287599609762,0.29623550784391695
0.5461324269218907,0.430681839581287,0.45878565008521854
0.35292201055290795,0.6418328321714261,0.6477316573526991
0.596005262837818,0.4915743593705146,0.45325910464362323
0.4166786592519026,0.5478970718948977,0.5183995977129394
0.5025395841273833,0.4227399999674637,0.3807559371051802
0.4373994116542601,0.5835241921335534,0.5171708071699653
0.5333830432726716,0.35386169364778813,0.3866252578409055
0.680195774867682,0.22921050618313932,0.2752303684154499
0.8129382621373944,0.11172161691886728,0.08925874846555108
0.5113258673200729,0.35029834619472094,0.42522901750348013
0.5317920634963278,0.42953548279216874,0.5885124505536803
0.5098680721243682,0.4138047712830827,0.37936978470817845
0.48722060281410406,0.42708753699014973,0.4470282660460907
1.0,0.031028365650650366,0.0
0.5408751217205774,0.460960477928644,0.42378408445919197
0.7488577862413671,0.36808313502284473,0.18863743189899093
0.5410145244939782,0.4422781973082554,0.4202521900792951
0.5787713836827734,0.47231279764641554,0.43436837420419505
0.6652958363926681,0.5321946397737511,0.3866050937708998
0.44362898223160385,0.5740525714684073,0.5123671832182662
0.5570704036944241,0.4140222503129133,0.2842609520446507
0.7073191258165736,0.24057561049108103,0.25304279199421253
0.48265882458974463,0.5085144912620868,0.49342644160056864
0.8844752466871317,0.0,0.0295417569047288
0.578210465293918,0.4330159258375457,0.3815874774981832
0.554994603413481,0.1741273026714907,0.2540256039887943
0.5474815790228185,0.4306636662178801,0.4552885103413014
0.6607676603053,0.32521365264867236,0.36691101762598327
0.36575683143942167,0.46336775346845527,0.5302974024417858
0.4660630841042284,0.3568809376316576,0.5261490305078282
0.5073852688927899,0.516525878470923,0.44956991133387714
0.30203720082617835,0.6799563264423562,0.6303630973130526
0.4996338402595635,0.47513121534630687,0.43251868841743235
0.46650924673602207,0.524486972819734,0.4242078973382451
0.15298054106201692,0.8015708037863066,0.8455766109756359
0.651300362795058,0.37616661595073025,0.4486114350565407
0.28206634137210806,0.7056918970561072,0.698731629590598
0.45621357790852,0.6009610627003502,0.5852782983338615
0.6487480247935807,0.3529193905214435,0.35844468287554926
0.5781518915296003,0.15459583735938665,0.17802127423040684
0.49189233253329145,0.5318028553425106,0.5591580609898972
0.4697748008153716,0.4431859152732029,0.4143671268434795
0.6363843456465046,0.34308981619329687,0.4332221375572057
0.3519607908692315,0.6468432665572297,0.5656689281295868
0.4823848866636227,0.3561880713883209,0.41237947001758096
0.6092130761139888,0.36577674202515126,0.30603158096185784
0.7841813030673436,0.18141854808200109,0.15764408335014338
0.48391420025209747,0.49835246897544005,0.4913815470311539
0.6463527906242984,0.3922945495296983,0.42782429548764467
0.39617199589515945,0.46377535267848957,0.6541218469434182
0.34410779650153145,0.458437054244188,0.4841044956345608
0.7536650483135808,0.2519721537756938,0.22422739755222315
0.4500610702233241,0.4568109215689869,0.4819974077016589
0.690525893778256,0.2085541762373098,0.19444274250457805
0.6084968800920887,0.2477154126155825,0.27569052937404265
0.7021786279838592,0.26088620178269045,0.29275740620082236
0.5572373600599299,0.529224875347913,0.34401595732143736
0.6554426655471255,0.20107099201781936,0.25461277247480774
0.5197051540375506,0.3515651843082303,0.4311161688276873
0.4518108965941886,0.5865257420435515,0.5020586576221386
0.5682969208295487,0.47503698428975205,0.5657975830594032
0.6309819804546932,0.34672602376265693,0.3415053825543321
0.6461570863135837,0.3691354237630883,0.4171595146435354
0.394447794667049,0.6486326321517628,0.5525608852563872
0.4626976055960737,0.21433005183940126,0.2644072223704986
0.7041771690120526,0.27879684663924703,0.34954238958995715
0.41206802397469156,0.4829885704603227,0.5909730698536296
0.49547083669917974,0.5503931795345006,0.571595237904331
0.18909155207015893,0.8150491220364433,0.7798552465800525
0.5291325196925134,0.537533772701493,0.5676073114217802
0.6409052501025925,0.3180434296378135,0.40574953758840865
0.6561539067450937,0.40988060552367256,0.5888747706563074
0.5695794120532924,0.18605854784720216,0.3143108857308337
0.5099155862074055,0.39221077276185284,0.37117387220577863
0.5950162328661335,0.21745630304955343,0.2041397110390563
0.1651571425577957,0.8340890669961037,0.705217056556357
0.38272901141547927,0.6918555624610717,0.6539236204680636
0.41987850579542507,0.6700489634324709,0.553882729303119
0.6173992791529525,0.22190743914404937,0.38192226659101675
0.35172937565805196,0.37474043532308665,0.40670153708397444
0.44572277593101783,0.4972163880781903,0.5846293845366471
0.29531353164675384,0.6980171362336921,0.7010008399092819
0.5405783911460844,0.5018710020379008,0.5181700677364226
0.355004065406838,0.6187540529067493,0.709863270362358
0.6017807988820227,0.35064340130519284,0.4773272599970527
0.4505628575910854,0.5556354337826876,0.5799879061369972
0.6431874984534223,0.18802829031304763,0.1876813230618694
0.6190897965723706,0.2482963831942303,0.2972765676308256
0.23115184193529345,0.766266939466334,0.9231565338769759
0.42884495644201,0.39894862668951375,0.5010835338027025
0.5960171900106298,0.34531258966531275,0.18697737755864796
0.5712316979653198,0.44650294595189594,0.39228225961100227
0.5945469675529763,0.5414587632540049,0.5097508749665999
0.4654994158155682,0.5371453668502488,0.5710844858885419
0.45044548854853583,0.45812326575121415,0.49281268332550204
0.7306981273755372,0.19707061939037798,0.2864054716036608
0.5112111418530743,0.35315619116956604,0.3585309547319989
0.5047288766081948,0.33440855750323134,0.3256003605603418
0.4345298364790845,0.47215279952392275,0.5813688056194704
0.4079493176637997,0.567404000012107,0.596487560850349
0.6844687188234704,0.31307577366595873,0.3703829964994352
0.6204125714888641,0.46351207245678,0.4670817061672916
0.45969243697789003,0.34673086180351503,0.29427938438432366
0.37793540967877065,0.43551525872628344,0.4535391716836602
0.4782031616262841,0.5599947589479224,0.622270163247429
0.5274708751036703,0.5858138628650008,0.5115132877516347
0.5540269109202086,0.3731563645908942,0.2995005724604237
0.38863074976155226,0.45623956893462975,0.5254857118449112
0.5235892306320401,0.2822438216044206,0.2890283860235187
0.5596553833529799,0.3677148057737463,0.3502574159145352
0.4028596912237767,0.5941890542350272,0.5249588903011853
0.627497202335957,0.3502122343396884,0.42837536850285907
0.5579961966049859,0.4077569081527947,0.4155290886132716
0.5621794918359369,0.4415866325190755,0.389738303359367
0.5392796432284224,0.48089534557544833,0.3875880979618915
0.5051426902351758,0.295964371138192,0.4642732701115685
0.3624804671634151,0.667352462135548,0.6598268985455293
0.6074126836096394,0.4221314850236792,0.34083538723231244
0.4157062974456798,0.5644665832601047,0.5698600704971257
0.4118449427540568,0.6089227557288043,0.64552566501909
0.3141179902946802,0.672695314213028,0.6402383314285944
0.6297418840603227,0.4487706113066296,0.5448513669983024
0.17062571762127773,0.7614336745507772,0.6844943706635462
0.6341974583195829,0.4442968222151405,0.4286258618534811
0.6516796698730247,0.3871451444836312,0.36790122553115007
0.5658540440508963,0.4157317367252973,0.3248579551662339
0.5176371154763232,0.6011304958610623,0.6450832299946276
0.4530729358062663,0.4799737064623068,0.4387414804561037
0.2579322138995566,0.7295528637272346,0.7486666701677567
0.4497013287436994,0.4250469198488135,0.40323499047881517
0.5385761696876814,0.3407029929697603,0.39105011573097354
0.6094874122054927,0.24826888354984175,0.28108872972039384
0.33206174047707815,0.6487916145251227,0.6328937320338771
0.7500452047351308,0.24498857572360389,0.4253993213662255
0.5222951195162059,0.39981219192341105,0.4062642643493785
0.33596342380111505,0.7155257082834472,0.6797522677855472
0.39496399100307994,0.5377624285855085,0.451648258579581
0.2593075986899362,0.6248836390202419,0.5928891388168411
0.6080630297327562,0.4629883245186744,0.5056426749682723
0.4694315931378669,0.493391620767752,0.5131078672854148
0.4979243063408675,0.5066261792593825,0.5904693939312229
0.34252664430944807,0.5375448663870112,0.6074010361585775
0.4909854225784924,0.4420691369982765,0.32255786239577167
0.8236291423836232,0.2653554994329711,0.2811973818987421
0.25713878355563274,0.7521391349427485,0.878686127737416
0.3739526332088514,0.6080962622162056,0.5808504562514276
0.301258841190192,0.6243604124848978,0.6198311404518744
0.4314763479828096,0.4261506529291054,0.40613169930441806
0.5294425631268742,0.3789811930802497,0.426749966067287
0.4867360623497168,0.7169136598271323,0.7218431532987543
0.35559666074705,0.5515692327099052,0.583348916914132
0.4380251422777679,0.5232149472247805,0.572722278334861
0.5864532066611311,0.44115417554145087,0.39650244179296906
0.5253132984485466,0.4143009697647402,0.4845606906605619
0.4665785187480405,0.5102271080985388,0.5103194442066397
0.4697745526536833,0.44829050169626417,0.4860950198707322
0.45457258389328953,0.6203864629267558,0.6320879482961697
0.47126015884475414,0.34554279170895413,0.3847574718014877
0.5290057654232653,0.41898929657528494,0.42666241046078257
0.27366587185661184,0.5979667671298462,0.46631093721372413
0.8328339800200066,0.18903431861234185,0.2388017220524831
0.5057750580533844,0.45521135408027696,0.43887227224503184
0.5093600950925217,0.5424349221649528,0.5889214081241941
0.2968939211292,0.6294959173426197,0.6479786992932074
0.30658680208106703,0.5767776842381818,0.6256092385490135
0.57109986046884,0.42483822449125336,0.42895755587493045
0.6273431460039611,0.3571342927567418,0.4421079425073334
0.4358435512627878,0.7038635161116489,0.7594814532037133
0.5053897387484773,0.22815468532453786,0.3104943334776115
0.5641408087636157,0.5369966950772526,0.498252208409969
0.25341774195109446,0.4584557743990262,0.5673510293772889
0.7949767928856802,0.3309230339057409,0.3402306658733553
0.4689337947713238,0.5467053397623393,0.5041928466050485
0.605791451320957,0.4502202202525947,0.46010462145307246
0.4467878707602661,0.5679727053553791,0.6542491445606385
0.5747440254522137,0.20655311047599398,0.3431217609451531
0.44489583576359837,0.5677885087490101,0.4376070532734846
0.2818048859151363,0.7829762883669885,0.7731296880666645
0.5929342156556845,0.27952078366491123,0.32836484889245265
0.52141535363203,0.2063665069888391,0.1713048116099405
0.34875331912829705,0.568716414206735,0.50516853125264
0.5775312966183123,0.3098149743222045,0.3497991800325758
0.5219371907713448,0.4355942598974966,0.49915751148490867
0.5526529169499946,0.4486524796660503,0.5196927264892488
0.4674988206134606,0.42991657914708264,0.5106541569966274
0.6730107066736696,0.41562377196767725,0.48135726228667325
0.6839406381275454,0.24354089446478214,0.25379765464394816
0.5605324729888611,0.4505927511652345,0.4871330371848881
0.5430551189479824,0.36911961854450953,0.4574647852166771
0.6225605442494946,0.38353436081299663,0.3774612483270686
0.6606542844743505,0.18913138270464736,0.2447199505130294
0.47745926999893107,0.42205848421923003,0.5435395199378364
0.5568008583003488,0.5456925227186169,0.5084401320530273
0.3463970959982314,0.7244054705598377,0.6326770335460593
0.5602185164387542,0.29264536800173363,0.3910033953614054
0.7380441310211937,0.22258088097688386,0.13101406827031223
0.3537390655107584,0.5394977777418518,0.44028694142743685
0.7293006349193591,0.34600876900041616,0.3021628471861346
0.3898342558721475,0.5742734939473163,0.5328664048281727
0.5002686283920386,0.25040819363923045,0.2056683185133869
0.6189776129074123,0.18234665078625767,0.26196862785106284
0.3944919597327912,0.6286719605607697,0.6424537318779209
0.5449541101688935,0.3123660470607888,0.45428163532507665
0.1528331826352644,0.7139796667656492,0.6606895314070106
0.560706244338149,0.41655204821873265,0.5118637380596447
0.5277406579593801,0.35085521676477494,0.36350123143699165
0.5945421267675146,0.5061349191618875,0.4737388095902981
0.3859944120172959,0.5918135647889045,0.6395805234001299
0.7015929853704138,0.3050317808521617,0.34962816105960376
0.377241683666208,0.5666616674165318,0.538954381542695
0.36722072669847433,0.5697410181781152,0.6144419645130673
0.7600387168565934,0.238626899468416,0.2856420281426001
0.4125806142045779,0.30110738832052203,0.3818711528613129
0.4742551746625871,0.4624039437449753,0.5598570155399473
0.49648680675047685,0.47599081046672614,0.5796876939686599
0.4352969386740843,0.5912018376537885,0.6312339610752571
0.4335785735593901,0.4607110139608227,0.4606264333289344
0.543383195110815,0.5095372046854185,0.5211117619329568
0.49951334288515586,0.4214046331929596,0.5183933888938705
0.5123848198586065,0.5594254921515273,0.6353435659333265
0.39034541156055214,0.5589451875420848,0.6453920935619645
0.23281949476760164,0.5573055033288431,0.6067095179560283
0.4815022481854816,0.4504833950282026,0.367310568290652
0.6545992173057283,0.18201851338674,0.25453823524230523
0.6801209750258402,0.32674306726937746,0.35918732064598424
0.32602602477433645,0.7014605151161687,0.6146336696584049
0.4228029524884571,0.42130712462649855,0.47182513101552764
0.42302701379105123,0.6367877001592834,0.5023189607842111
0.25766701228774014,0.7374036210704488,0.7246575906466531
0.38166323701199606,0.5735473498560192,0.661433527487077
0.3332582465636031,0.43133028431603465,0.5060273318906705
0.673672311681734,0.1441586150304831,0.1835403052452697
0.34225615298725287,0.7886944161287546,0.717401496458014
0.30099877716046625,0.5474502732944381,0.5778935988482514
0.34638714966745143,0.6540542828203705,0.6067103306928444
0.5000711024118383,0.32412385779633474,0.4002002520735306
0.2573177606320057,0.5587829628539362,0.6028132152251402
0.6935159326337464,0.3497974169839172,0.2805759687706612
0.6065106626478648,0.3578247226153633,0.4890317609601945
0.2471903751479501,0.4957730782652112,0.5484565525383873
0.6160683229917906,0.39468339435855354,0.5134657490434249
0.43159099373367654,0.5464688146780662,0.4937021509222505
0.4224647022165006,0.4745596739540314,0.5451797397791925
0.470818535072322,0.3920403624450093,0.3755624548878639
0.2945077005805386,0.5895174836268305,0.5801489054004558
0.5893548172547242,0.24969670775152372,0.29296951989444703
0.36302623541460316,0.6290089383820197,0.5802060911270476
0.6556274913986309,0.25814759309992097,0.17170426235461805
0.4040373012395805,0.4280377458905078,0.46238468624381546
0.5799741904329027,0.36726012019742904,0.39714377729042444
0.6137011293311768,0.17839970527397847,0.27511213624029845
0.5056129864122563,0.4978280490572937,0.5868077594730816
0.4651743766117172,0.647958494266141,0.6948807765788748
0.6760212425228508,0.3521266515817305,0.28888827138941325
0.49889697558763824,0.44255715041624394,0.4318152103091874
0.6696861522521345,0.24124916378514508,0.2715076418234131
0.4603412436652983,0.5477652886434898,0.4537115165801157
0.6643448417973415,0.18996446216580745,0.3976751357328901
0.5898329119626333,0.3459088517057054,0.3760356955878312
0.673793863708855,0.24742515397609618,0.2465382839623993
0.4387713037893008,0.5319781647840693,0.5193129580175294
0.6043394000897434,0.2298147067140903,0.16924630371652455
0.6664392167317206,0.44447305700430584,0.3751505400630912
0.4890475570869717,0.4183781139548549,0.4685230571458196
0.41511171800284474,0.4965729106854601,0.4545141297351237
0.44192782816713017,0.3854082575310192,0.43160301217801594
0.6016214088543032,0.4017153030834988,0.46170848352517013
0.5798718985843004,0.15772302155974355,0.1643004895999382
0.3325142504363926,0.5780674045882432,0.608781349687538
0.6000190815814567,0.3129208169965743,0.3318980370692159
0.4620738979788664,0.6002744345026965,0.5888587192913806
0.4896917918669091,0.18280123278628724,0.2612676067605113
0.3824619418464929,0.6238286231779294,0.7272323276426609
0.5944190977431117,0.32305238284096477,0.149186662887087
0.4771042448741172,0.39960038306963697,0.4378896790183462
0.6313400711053134,0.4006284527526872,0.3436803429905809
0.46593674411150976,0.5411351086349262,0.4601106496580308
0.45174632654650726,0.5548731756950823,0.5985176896013672
0.3463112456669043,0.5047376137736633,0.5775360623321486
0.4176163592340393,0.44842662890911,0.3728872021932288
0.6683582581707204,0.34177842479490467,0.37032316316988734
0.5324796962936784,0.3888509051804762,0.4843304484852642
0.40385184205298835,0.695239617928333,0.7272675684784325
0.4916077686536189,0.5739190999301118,0.56116211090943
0.5375043890502432,0.3197691395492277,0.2584471010553662
0.26594522314013924,0.5443829243198501,0.5321712807207561
0.5046863437690946,0.3989602859615643,0.4421660971618419
0.6873745646893314,0.33640640985580955,0.27815328392145927
0.401002605989784,0.5841474690652634,0.6353477170586554
0.3296467771491105,0.6626731202563019,0.7102740362684717
0.27586835172597474,0.7414601427549881,0.8260103002398903
0.6127444361829636,0.16702761052081505,0.13266664122614444
0.5363156794444456,0.5463524134205036,0.44842204813485986
0.43596105520170436,0.6643107765797083,0.5394058027019739
0.4127120589471121,0.45695025470467476,0.5234624914691951
0.4462631793741763,0.6343682807314556,0.6270682238432195
0.4304085474199857,0.4249554172389288,0.38548204792297863
0.40327337771732835,0.4373746076848981,0.46371845684547774
0.7830339145200037,0.0756596168356796,0.17139476154163275
0.49591124094913624,0.39136115442154545,0.3804839245807363
0.4877079459562006,0.5641778660048369,0.5838095568342573
0.3581689975321843,0.5366289437555548,0.6365556275931759
0.41608273327376405,0.5324571586221799,0.447747066910986
0.4793894626650383,0.4291333674300777,0.48402382370869945
0.5194016921525082,0.5200260352913422,0.4899344051109241
0.44074223868107,0.5848941775464214,0.6010536964594545
0.2298472331203525,0.7120410020409604,0.6764903286662227
0.4033513082984024,0.5531267656900151,0.5465630662031413
0.48766297507919387,0.42803653464409064,0.5514673265812041
0.3940389897091243,0.6345401587585227,0.6079264265948837
0.7131177563828944,0.20934103389563427,0.20491411416123156
0.4741772338610635,0.4315733777062354,0.55480625642241
0.55204552128904,0.40089838722520293,0.499568689995357
0.815100181762809,0.18011410275776674,0.3297813763354372
0.31246100491929446,0.737459283068797,0.7055120468008542
0.554470881648556,0.5308290309608482,0.4987408494798178
0.5610838652341164,0.3732080184110366,0.5129634009135425
0.46933732465036915,0.42860780576476637,0.509142061569384
0.47163237022018784,0.38816794569664315,0.30596906972627413
0.2741578507197157,0.6552696241213055,0.7261280697965178
0.7450053528836877,0.1474359905965944,0.17660481718955487
0.4845299384593955,0.2959553387157512,0.3175213602316529
0.5239282139828462,0.4119955759713354,0.5056363639342153
0.36194026965966675,0.5462021052147338,0.5096032436525633
0.5863541469107377,0.2530105216412174,0.3956206935856383
0.35310658805401807,0.5239227397582911,0.32330403641167405
0.42219674694203513,0.5229033696391634,0.6416990303329013
0.4531399832287689,0.4143032673649595,0.44309768703980357
0.3252841877008439,0.7239600237602154,0.6520160302167902
0.614084259542507,0.3298358734098328,0.429670731633893
0.7906652141271171,0.026079037157795974,0.08884486515185225
0.3743042947220852,0.4453812304075314,0.554844583195925
0.5803722063178833,0.3260013611222845,0.3527263498276031
0.5779205851514807,0.35184143064367496,0.40572930611302166
0.6771378913702767,0.3158153252306902,0.40706287293987586
0.44292475820080246,0.4030897792711584,0.443340470666668
0.5103231835654065,0.403896142084735,0.5242833804132709
0.3206635221879144,0.6116662783999107,0.5702026002877483
0.4356714777039661,0.5095967305103791,0.4794478936389508
0.6911648212545368,0.32299885036775394,0.36237718331283425
0.32891501620769975,0.632102388219811,0.5765688365199523
0.42402856709059583,0.8183791661702686,0.7902539680517213
0.4511610163742093,0.47662472214468543,0.598815224463357
0.34904414109124865,0.6262338255351886,0.6442684425251601
0.6555355968119224,0.3038298206998083,0.2504964717746561
0.582071702960639,0.40250295632235955,0.4888852311956777
0.4576015695552427,0.45714427631190996,0.5299837354095276
0.5356297280184842,0.5070968110209589,0.4413370637068685
0.6556749645789569,0.08552638310754132,0.20931232362408142
0.49048533535665273,0.4828130645293519,0.39169869878810465
0.38637317788796394,0.4943841908072075,0.6253157714934715
0.44516676620022266,0.4855356238680813,0.5815245881162625
0.6950434416711921,0.28791649892427096,0.48354187989924163
0.3121012398231606,0.6922002619224686,0.6802758961960409
0.30548505204296944,0.6165769929549545,0.7882614133670501
0.3926034021574499,0.5702584970354736,0.6152065517086457
0.6550213518833012,0.2824140999770889,0.3420558884916919
0.4572708229068995,0.35939646805977604,0.4430620579780174
0.5585925369818447,0.2438625168666366,0.3004507403562172
0.3879455894073498,0.597517926274709,0.6180779357973895
0.644669436865302,0.23868460010452824,0.2644934520069847
0.4549168918857476,0.4688968785116456,0.43947017280640727
0.3314509499486618,0.45951777579900255,0.5032897071777619
0.23531757483938723,0.8121432448346011,0.7665050848452057
0.3545973098204985,0.5958610937325057,0.5740603908798828
0.5795298461206811,0.24523459911538784,0.26329548922943713
0.48141023380201453,0.3509320878490021,0.49215423996880076
0.4791825234047329,0.33350728543208535,0.4303552911116675
0.7623658021434214,0.27858051629256936,0.1977145339289313
0.5648175898687018,0.2687347792150113,0.3604744343237973
0.7061878601152246,0.1607268817182116,0.12410678928534848
0.5457697664236599,0.5441572229389514,0.4783858945479802
0.6953998691966632,0.46029309030464516,0.41168966937731066
0.35039751973697647,0.7502282409915112,0.6855813883908055
0.23104652429403913,0.6804211989895373,0.6511339171457426
0.39173788209881333,0.6083631844921568,0.5221493555386951
0.40174930652876856,0.6215480118264461,0.6361269648065722
0.5527515005862678,0.48926897898619776,0.4640775732013264
0.46861829276691985,0.40903134086982196,0.43036373982535675
0.5638673239495909,0.3305740969342014,0.3238018886489888
0.5345743992067966,0.42082466154628706,0.45439763789827275
0.4385107782447386,0.6473292309078083,0.7248142561355472
0.6413021272965602,0.24421786884065638,0.2572997972287425
0.39862031013192706,0.47882339892931763,0.37617733312091606
0.2870011591975806,0.8650545469119564,0.9105097136476695
0.0,0.8776996458665006,0.9832812830326063
0.4674617852761978,0.4368781917804476,0.5586349335387751
0.6826734555826613,0.40996334220255976,0.3567942243099947
0.3076992369205053,0.6327075112584389,0.6285219763547861
0.29724976525380065,0.40812617562908593,0.48538130888014974
1.0,0.026377056804047224,0.0
0.39036008844771336,0.40933832795959707,0.44194500878360615
0.4514955623260979,0.47341565732123086,0.4307556848931519
0.2844513020554331,0.6301316908608081,0.6251039112203506
0.6482338259899295,0.353209673358656,0.3455299887101316
0.5311076664249639,0.3811170634157739,0.374876071025907
0.3423639004005229,0.45112150256497424,0.37738596426322657
0.42024871535581393,0.45373406861486293,0.39573302973145263
0.6489106672480454,0.14168877980882943,0.23407773798184214
0.33234802551428594,0.5711390152257315,0.44844217873976183
0.3184115323425439,0.61131910666372,0.6396335334699172
0.4422794258271803,0.4896189815717567,0.42663438469362797
0.6245669058666395,0.36287453128111563,0.2686502821848613
0.6092146703571694,0.33426177300810983,0.2031140538461836
0.46469182266178605,0.5001897208638418,0.5409027989776785
0.2818185670518956,0.46785174411832997,0.5366973883849814
0.410150123745268,0.5759222032040557,0.5460498619169224
0.47418358927704574,0.5847708238575092,0.6402772919356636
0.3117171379488694,0.5024773686307618,0.35591363734925535
0.6835018780090034,0.40776804602036704,0.40014857700633183
0.4985646373196156,0.421249366543143,0.17973690388279623
0.1585847395414368,0.8298783502910424,0.7129218311101496
0.4596422717266908,0.44210113634103143,0.425170750366091
0.7280755445274948,0.12047673304871487,0.11555538291085402
0.6748241365386659,0.3800950460733795,0.17854479063030473
0.1420318738950135,0.878356929771595,0.8707894406239979
0.6473821247280651,0.3366048131241503,0.26955100552305156
0.6434140719339829,0.4768464242382343,0.4545106969890447
0.5181173423805542,0.4626556302403508,0.4611358706901072
0.394208287310857,0.5883808317056011,0.5231047301520072
0.6239902572435316,0.5446991791543256,0.47676335347909726
0.4021412842918579,0.4640165934364477,0.44734447856736104
0.45583954581321107,0.45850447330095534,0.4593852362965157
0.6431977250690134,0.35727976442605697,0.3210235870909709
0.7356541200943562,0.384350341822089,0.2899684854981407
0.5765804832904717,0.23076510421111618,0.14002492982756568
0.5975287704269688,0.4706915227922887,0.47637063709527266
0.5474995340168923,0.38952031691846345,0.363341939944415
0.7458898259355804,0.2990648566911401,0.3053518195117245
0.7422591958719372,0.25457332195129656,0.1367837947793166
0.2076540872286845,0.5541957512318744,0.5169661021648945
0.5331901156875792,0.33309256559692024,0.36798719009416947
0.3244226746666958,0.6335817955462923,0.5744515679153505
0.40385130859825835,0.5762717780920477,0.586918514668015
0.6065687005998974,0.42680322336393844,0.3482666714324287
0.5759664741270041,0.48885403282772605,0.4919475101399859
0.4494289407678218,0.4692214423510058,0.4079389012454947
0.5821330573223311,0.34083061428690054,0.3566508235437373
0.16036232044570947,0.7399463479103328,0.6823311410481265
0.8844652978955092,0.07990916754813293,0.10803051513338487
0.5668994308259804,0.2517491495497255,0.1695237612740879
0.650054926782764,0.3890725825048045,0.23163423762455618
0.5609815518516168,0.4560041566995073,0.4564348579446908
0.46538095621669495,0.5287840320905199,0.45788822069617974
0.7534622161610819,0.5501388034267726,0.43810986872615615
0.7930736279660142,0.31540414091029173,0.18819759061992525
0.6123100773983258,0.30224036179775793,0.2437547626025074
0.5787656175322105,0.4773163200234929,0.2881463016568463
0.5233401311865958,0.46234585536242795,0.2954241433803855
0.40507610208942124,0.3542948182842879,0.3592383674129127
0.6226255236111116,0.3127401127011508,0.3062371119343019
0.27411660151828815,0.5789447722225507,0.663805085592998
0.6093665225567706,0.21390190973207496,0.217924071140194
0.5630107578565822,0.4760543035062045,0.5133149150338082
0.03644391509327382,0.9311550241032372,0.8583540880199246
0.3825256827174476,0.41418695095282543,0.37517490528893394
0.6998277744683619,0.32771798013064934,0.08929659627043336
0.8680972207678662,0.17261416614820246,0.1513513842700401
0.5385189936507538,0.5336790051255434,0.31207731356078083
0.4078497971389261,0.6320232723828949,0.5130772764854828
0.5039630593521847,0.6031560916672797,0.5574982067489904
0.7932658461411444,0.08953534694012773,0.03951683192928308
0.6851504997101187,0.3169073401177786,0.2634864590076956
0.5294125426235224,0.47385251642292486,0.47781998110221313
0.8066253079462447,0.15253848314867502,0.0971188853982052
0.5940178870131174,0.23269741765496263,0.30537611585125546
0.5695062532986814,0.3506898043554368,0.44396344141284905
0.44665925649944394,0.41417953209115915,0.4042885333197587
0.5090034458876804,0.4545134997531313,0.5006072560708661
0.7173520280729914,0.3419488686251278,0.16503657516781559
0.22977765294456723,0.6658157618925633,0.637820591803803
0.7610169077470978,0.15771692483918692,0.18327344690225664
0.7387020289269652,0.27081518962384105,0.3232573642187387
0.39360930148491624,0.46048209670277973,0.49236935681843835
0.6524389817504169,0.2691361002897222,0.016461055560745258
0.4803558693978519,0.5736364879405027,0.2989677219631267
0.3348637965915699,0.7630103048113648,0.7715656754848829
0.7122729264729246,0.3733230236752448,0.3051385282223085
0.5020819904557943,0.40382125042077366,0.3623368771029453
0.6711858705778995,0.34379106418639555,0.331994652358076
0.6384362461355523,0.2960458502634113,0.3053863756549197
0.731403331304865,0.24032078281770794,0.11529178509300544
0.5332825033946194,0.4818326385355379,0.5293488403916178
0.3429030666969761,0.49056473628886943,0.5126369276782643
0.23176227630934504,0.6841066209849692,0.5950361943732216
0.4715810261767891,0.48678484829141777,0.5051217219029005
0.4491875740764022,0.43981567712664826,0.3712844870589346
0.45606641828247235,0.5579109420433702,0.5127971469237238
0.5105820482624104,0.5241857674230438,0.43015051903104534
0.40870276013878765,0.3910381540163073,0.20377431417371647
0.3143082350291064,0.42955269468087526,0.433617983289655
0.3769072090863777,0.4594656510862525,0.5548564305174314
0.4973119059770178,0.4050799700527399,0.34201093488068857
0.3157035541147303,0.4161755054884036,0.39060574235854856
0.6812483843374415,0.33204527327047956,0.3308093094199159
0.4118581286185054,0.7142601094345911,0.6298048919277722
0.2338011613879113,0.41715776927357934,0.4459109417026575
0.5716579479683948,0.27210692262192504,0.4024856252248122
0.3402478716138275,0.6597314313221946,0.6793062474641763
0.22617945275439041,0.7678166622044547,0.6534642469613733
0.5022174993481658,0.4746609815716487,0.39587488955641315
0.25371925122021083,0.5632601094518328,0.5198078678324588
0.33841943559082455,0.49123517417238904,0.5373625641076131
0.20813989440886976,0.6122067867228673,0.58919820850446
0.7513961464958209,0.4251210804731884,0.41883366089085505
0.40799895474827735,0.6797641873738564,0.581566695096583
0.5267023434948246,0.3232853164558578,0.3021431065713248
0.8538399429697848,0.2394990310209345,0.10296428087782898
0.4703305730506937,0.23785996417104205,0.239638368308514
0.49029491016279236,0.40488319263788514,0.25581450721000065
0.5777959103983873,0.36369832764691484,0.25307452407912145
0.2700569880179641,0.7534266694160691,0.5937320475222474
0.4983102141780976,0.45947543878338337,0.507909398214055
0.3881272324280815,0.5372867646218786,0.5021845183737422
0.3680363848750634,0.47176628599942566,0.5634389044955095
0.6003998073985194,0.3221631339374169,0.34943302988109753
0.45322781569587717,0.39526901316279256,0.41241767945769126
0.5441208342626682,0.43484110259638437,0.4195615736476864
0.3679588509823263,0.758028505129301,0.6393181624682742
0.4715848450708343,0.4044264968339262,0.24521033014294252
0.2894310784987787,0.47571478860514776,0.5171418736370035
0.4903821313995561,0.6200217188459297,0.5835734235037895
0.2599243374882706,0.48442503324066327,0.5727559874515917
0.4424594166076482,0.3805003970472619,0.3471950134577494
0.6376457071790608,0.3613381718813188,0.29254824146211017
0.7178726060445046,0.35656119289646215,0.2872177136999007
0.18845907914700047,0.4856317670817709,0.5479015130951864
0.7681341765160183,0.2796043870527197,0.2338774810766636
0.34019521867889085,0.5510722980174464,0.4589038531666003
0.6134523160856162,0.22519122153753965,0.18799535453605257
0.5455048721357827,0.4774067793355232,0.42498194418998786
0.7345160274891024,0.3657147784919109,0.17348883399300158
0.6615568073844886,0.2368624898085603,0.24982145475529594
0.6341702111364985,0.45595908090896653,0.31001380591369965
0.8802069428605986,0.20435291669937,0.24801280723768243
0.33838210082175235,0.6024179010470863,0.4488821878537626
0.41344813648417134,0.5966656212989104,0.5510058807999515
0.37538547775084524,0.5336724410947357,0.644429472372881
0.7661619263406673,0.18115915655674714,0.08938060110835992
0.3877317871843695,0.4642508318092422,0.49908775383432447
0.22195650891579907,0.6155649599560912,0.5868218587301806
0.0,0.6568278402119628,0.5796594795298863
0.26093651644676036,0.5658982149129105,0.5054590782946798
0.719441794534091,0.2942102663040221,0.33087240107705795
0.37579828342628563,0.5097114448078517,0.5802298173605442
0.4424974174318013,0.3516902535031414,0.3147356457449099
0.6175577382561093,0.4212300676244134,0.3383342936502941
0.636471724081637,0.30586052914384376,0.20194301937828835
0.9323089208191615,0.20787829378856815,0.18323475023861416
0.4077188593572031,0.5462098108519189,0.5326718360172579
0.35597839129160286,0.4988759271732366,0.5086219483265624
0.7830874605368369,0.20965121111341828,0.15403677897581244
0.6517363070953718,0.42847910519703053,0.32087772698140954
0.5498193905408282,0.5335152825343167,0.472076650374014
0.27211531697666863,0.6280378390639507,0.651732113856114
0.4601742274734203,0.4068838445018467,0.27377094712638556
0.4427912615045156,0.4100377095628892,0.4516853031592529
0.6982220409406228,0.14883654015741998,0.1283414772219155
0.23751144663611384,0.4772174027380309,0.6090447842421414
0.2406832174908033,0.6438100088265155,0.5800880977376389
0.48848053132096003,0.4036748579454449,0.27662688506442823
0.8331796095519255,0.050062974306199104,0.13674805630199605
0.7116562714766791,0.4143852100976922,0.27812421235679535
0.20167902337224097,0.7374812690681436,0.7051104374353548
0.41293282055824815,0.38414394680853053,0.4307658577938722
0.49686276915672395,0.44566152805921744,0.4003594734558397
0.7177015316642652,0.3723610024591018,0.28882817436234703
0.3932812170607019,0.3713437979328043,0.3236351175126545
0.12743685862185355,0.7194715928090896,0.7160129547725441
0.38783199242407845,0.6584323444236582,0.47099462282106014
0.5344765471061439,0.4048367317964602,0.39877582237452114
0.3690665906112269,0.33862196746639756,0.3131230554071046
0.7581356087855056,0.2680302465451097,0.18316901267386362
0.24758511427088015,0.6684394243148793,0.6833757614719832
0.6209398173791426,0.18450452044026314,0.24429184414279567
0.5740254199593071,0.33303137316602444,0.18178085858896964
0.24671687010993365,0.6902390301600533,0.7126455213353783
0.5143766134507509,0.38792390329057524,0.35885239130888064
0.7860174059708804,0.21367622471530368,0.17198299054695992
0.3754657612621244,0.6118393486792681,0.5970606654491515
0.769655026288804,0.3132821859134643,0.2222650566603173
0.6404418566822778,0.1335047081676311,0.07408583309510983
0.6031045518195687,0.2913669151389865,0.2363149751107409
0.4945782494983729,0.2558974807813947,0.30091793948039947
0.2666998396062343,0.6012626262568264,0.49103865910324906
0.6245892185601113,0.40945450959206486,0.3048787408742745
0.5217845519804275,0.4547067271604824,0.40176836416481565
0.42802882204403636,0.5972834014334146,0.5839693078121784
0.42656356914523896,0.6728490779196453,0.7407924919432367
0.2482978424571908,0.61512996514107,0.5757723467725325
0.6561639010238959,0.3067785518563361,0.23968328244008635
0.252765712723196,0.5459914347445737,0.5438195493354359
0.7464659629822348,0.13087543997540313,0.12543516604853489
0.787421542411443,0.10422030211774089,0.0
0.5547333504067938,0.24656239796292673,0.28246656752061705
0.44466781535459166,0.41201341430568755,0.41885427714422385
0.4331555786645044,0.36568444093377117,0.20730527175937752
0.4789182151452014,0.3222233847412445,0.26408914810887685
0.4075250015327973,0.5451952287205591,0.5359229171942351
0.513343013608655,0.4313417759702669,0.4174558207831596
0.5275994134721993,0.424371821036115,0.5173797679322394
0.6769384021503284,0.3466823970712167,0.3449455692175453
0.43577341988508794,0.5502118494474549,0.6304606509674192
0.5163988021193492,0.479101622135253,0.37809560107395285
0.6380150985892268,0.3120750457725365,0.3127810287742846
0.7199861130743349,0.1813241082299037,0.18952366279291039
0.7856082221602417,0.1495276131171424,0.22566557654145467
0.5216603801799515,0.4605989039335569,0.4168581477172526
0.6683195673624878,0.26970517261671495,0.15729660406146043
0.17307329794197515,0.4565592415650149,0.3551079912787509
0.5403651563640562,0.38641942931377693,0.3629874004446181
0.3053129573933251,0.5340999749746966,0.5265526017023149
0.25320738603433945,0.6504097340877342,0.610322842646978
0.5309120477552223,0.34080138769270446,0.35824117561158164
0.5214421995152345,0.44089381983697884,0.46219981130166793
0.5280739211341895,0.42993957607491856,0.3617737518422703
0.4624568614048535,0.4417610074528207,0.26831310463600466
0.49700885170118725,0.4978547133235872,0.3236793450170439
0.48669588089578714,0.2926530619776589,0.16644796988170613
0.3131529742096687,0.6683976588379416,0.5813885693469761
0.32950434889511654,0.6147727115919567,0.6023001798755531
0.6419395699099045,0.2984017112954458,0.19558264335953823
0.7176884382696026,0.31687458072892083,0.2600910929440067
0.2885774853531827,0.4437146824096665,0.49395247958879035
0.5017634517814038,0.30877873196859335,0.2423788613219048
0.5693312214435955,0.3638260378472039,0.2697136967738099
0.49626272988739906,0.4197345785725162,0.31148310019687325
0.20531747045626703,0.6956300590602522,0.6638628768906594
0.17322181342481593,0.6410925254516796,0.5602294129993671
0.3019491381740315,0.675548985324964,0.5159734961768699
0.02381094441290628,0.8176896942618684,0.7619207036405258
0.08613547399742241,0.9665720957232462,0.9411868705707842
0.3946719912201981,0.439751301884279,0.4826203378599246
0.34937278772173375,0.5330005112106144,0.3791832527637113
0.16261095310737766,0.5785846682722869,0.61382277673409
0.38802940405659186,0.48163681575928197,0.5766125035816032
0.23453207709142124,0.6926249164559279,0.6659697595352144
0.22796410909732562,0.6309865788441621,0.6353056206815016
0.4252091166889105,0.49802140188899113,0.43186295253089346
0.24220773146412192,0.6451587259907521,0.7591403601157063
0.6051974522012475,0.4147905176874061,0.2730468891207483
0.4640958779397555,0.5704941287192677,0.48266368762428596
0.33406138443351713,0.5349935293308327,0.5128452242143354
0.5424994222842693,0.3473851699947155,0.34275384824429617
0.5928640394844293,0.6110891687905593,0.4502981465888323
0.32610794348134453,0.7598469354160208,0.6745689539651235
0.641050441928288,0.32834964469999245,0.22189434741133482
0.6774867373211528,0.3383477546863986,0.14691040099588612
0.47539620908004876,0.4316352085607697,0.39125881265445733
0.6701854387742698,0.28887177340429554,0.14430798796112265
0.3379382169942985,0.5969074308962974,0.5697901211259625
0.18172866113806446,0.7118588087052925,0.4935612042944931
0.2953434442718956,0.5949671194728446,0.583959084696657
0.5541332165076068,0.45339348164550325,0.33520818977521005
0.7108546767615812,0.22010658985169898,0.3246006234017601
0.7307673839623687,0.1719559542384537,0.06041640505043631
0.6187262743125626,0.34288919757083586,0.40180437054070395
0.4647006756684479,0.35166976239119785,0.29464753170039654
0.5095428070270108,0.5169774421676407,0.44779131900396657
0.4302678865579568,0.5728635187372203,0.3868665772032173
0.49409270084497925,0.39237664416646806,0.35265125417297866
0.42987840208297545,0.38230390465940556,0.3720603692940913
0.49088844515841606,0.6274920939247737,0.5133576352160131
0.6651876945115893,0.4775237614730859,0.32397679649680167
0.704600547979935,0.3386270663074821,0.33973036287387476
0.673692095962848,0.28520690161607987,0.24324497374236898
0.5803807690115425,0.3426400540952717,0.4264157237694779
0.4972703815928023,0.49092294956936566,0.462334944939536
0.29611335227159596,0.7398986384524708,0.6425746048891278
0.37332226504792587,0.5499651461865482,0.42678764764131794
0.3545498873229536,0.4920795698028388,0.4271978684994272
0.6367530239894187,0.475750836633301,0.3630697290226117
0.5737095780089866,0.45550746641762413,0.40136406796785307
0.8635072003987824,0.13789683559613417,0.0976876773576966
0.6846008126524197,0.26826776170888245,0.14211820496258964
0.511251099884169,0.5579032159304289,0.5235366308572565
0.45184339207163726,0.5652469199511984,0.6508460761825977
0.5330599208337947,0.5208450377384444,0.42317546895600144
0.9130174367195036,0.21019709120913954,0.0
0.5398814134480391,0.425305373588289,0.40246357309048025
0.4004847821937951,0.5637471763619925,0.43839972562588453
0.5421702357227169,0.35211052363128426,0.21707005933360307
0.5345580910706716,0.3205114707479286,0.29473227170362654
0.9112217694822268,0.22733662520900907,0.3342470229422258
0.23275323167811096,0.3980698408497861,0.3791900049959365
0.3565668118255064,0.6140955947729341,0.4813858215979162
0.4028777944840045,0.3818284805482795,0.36747230067565545
1.0,0.08024578463191025,0.0
0.6570199953714151,0.2995636169684138,0.07588068586095063
0.7335904742763223,0.18521157951158912,0.21670874032812287
0.4567671151624408,0.44747075293247235,0.35388080498787616
0.5104753196870866,0.6615789632128004,0.5758217691784379
0.3542906840624231,0.6215038802016589,0.481491879022738
0.8136768958630328,0.3366321518798497,0.24859484719780894
0.6151152783486419,0.40307106280056576,0.4080261869054755
0.8155663692307085,0.4570725209254976,0.41068476420801375
0.6036858805317591,0.3143931478796822,0.3184466716436789
0.19891431172019944,0.5906341388790783,0.6117517038999367
0.7196147126674428,0.3205382129779754,0.175015013099245
0.6254983362109349,0.3787572733321594,0.3649961486611854
0.8411020255917767,0.251193739913926,0.1881709818225472
0.8978436591497727,0.21622715331815603,0.11484878991616039
0.5677527984191731,0.4267188155393969,0.4483756899553624
0.4743875661347501,0.46641061750088025,0.4674402338446788
0.3422722074860733,0.5308866938972372,0.5909192753898938
0.661452529887494,0.3884568289151408,0.4185905924532562
0.8300497573861396,0.363754717285863,0.19489232140823973
0.7832568758936063,0.3951771960650685,0.46193502048605095
0.6378350806886859,0.3828601766272873,0.35812161399724496
0.4658669134906556,0.5096757921606437,0.3395417818625333
0.5189098808875292,0.6034015701096921,0.3066208301036799
0.8158559459711148,0.27272320865739735,0.2634330822898228
1.0,0.08571266271911802,0.11207564604108018
0.0,1.0,1.0
0.8112356683393684,0.44127687246234326,0.4607546978443221
0.46852961685822064,0.6325423292069688,0.6589064866742389
0.9672299090852626,0.29357318416443695,0.2535264103489651
0.7638649019330802,0.4372472480902525,0.5471939414756607
0.664150910191264,0.4911678968843941,0.34459061010215236
0.774022043063927,0.4765488775076467,0.5555723020215793
0.6398281786173503,0.43531954848689763,0.38336397741440426
0.7178200170035819,0.38898880374427675,0.3882977769719577
0.7839938903556997,0.5285981743015828,0.4321572673738052
0.613417169381692,0.7686987198051503,0.6431848489505021
0.37692046246682126,0.6764820702597838,0.5447916678215019
0.040175735091346164,0.9715447102994632,1.0
0.390732791497455,0.8681927756346733,0.8937151523344946
0.770000809305255,0.7264270397092285,0.6306078405937184
0.6292272391635296,0.3814266631362679,0.4916324342222795
0.5216805560086584,0.758253467023305,0.7192720153755618
0.562266983081539,0.569847804148688,0.46781630514413797
0.9540213379907446,0.443042459489752,0.3170891032175501
0.3125874120488979,1.0,1.0
0.05025296269550316,0.720777827441808,0.9159850618994148
0.613343875409042,0.49711514130164264,0.47593295485514436
0.41034604263295704,0.6471271762751348,0.802359511707495
0.0,0.9004667460292054,0.9619481362618096
0.1853238239032911,0.48937301922867193,0.5995171856782847
0.0,0.9309429552043123,0.9311587131180517
0.11626719087303089,0.8627734060352197,1.0
0.3985609339856881,0.4083699628744895,0.44646630450701247
0.14825044356936876,1.0,1.0
0.1693972690771096,0.9278542156731447,0.7493531763505655
0.0,0.912615005424582,0.9370022889679068
0.5324476842601211,0.40324451210502116,0.2807027113609286
0.1510965660838707,0.5726352264752582,0.6737845233124273
0.8206026338900251,0.37281804293980425,0.21221544788394164
0.0943075964528737,0.46009951745130456,0.48868333192762176
1.0,0.0,0.0
0.9127292038095727,0.0,0.0
