0.5416923228160323,0.6466903766172826,0.4510001589954363,0.4284851151091349,0.7874950023292706
0.4438492682965934,0.5857165732014302,0.496301330980997,0.5962054694263643,0.46842453816926666
0.4961409486025154,0.44165331139932057,0.5040711432264912,0.3577666571550938,0.6257458225179687
0.6843522548143949,0.4186152789698173,0.5265381081760644,0.4019783130816059,0.4862820970732547
0.34221610239895917,0.5713429225768953,0.6004969201554065,0.42403370483456565,0.5348882665700158
0.2517302348078169,0.7730642969598421,0.7600540559117283,0.6561930152732441,0.38834003792706495
0.4690791424193304,0.6032986024817258,0.6043329122208215,0.5746688574675173,0.40941122179758743
0.2895507418186187,0.890174563721401,0.8898835777393531,0.8111559964865457,0.5194793907532891
0.08651032602516584,0.753507481590504,0.90813758165692,0.6337568902037599,0.30381108213092173
0.2797440481800875,0.794838749806053,0.8073644160985755,0.5792942082658556,0.3122563746948587
0.3293664651435521,0.6948033713769327,0.7911369861605182,0.6935339209916735,0.32236883773419295
0.2263646665753217,0.8481021116243282,0.8107596621399271,0.7184514169433154,0.5720640549195511
0.3131902779965711,0.7698195413879183,0.5994352493153755,0.7322729739668103,0.5703844286606591
0.2808276524392894,0.6367619167312686,0.7135933853181244,0.6691088185117219,0.3212888512004832
0.2713427505092255,0.6757914475795285,0.827488727316098,0.6206658140613096,0.28986776302946193
0.36317417736598884,0.6132227268961491,0.6349172498766651,0.572165639241088,0.4388705564975544
0.7495058455124026,0.296138894481084,0.3505073981886391,0.23231991139121558,0.5986119579715571
0.38155085656992815,0.6673037780276875,0.6966619837530988,0.8582778660821767,0.40788254334010365
0.3663994187892075,0.4718981549925112,0.38897713998478467,0.357163931701439,0.5717732191437074
0.27877558541717345,0.651149522021081,0.742343025967657,0.5580947287979179,0.40405431986258006
0.38959437129762226,0.6148458233643218,0.6337469794543276,0.5943138195091798,0.6132836618044426
0.39686852281303275,0.5596028981494071,0.5243608039651148,0.5283652843792944,0.5635463794832632
0.6780523287580679,0.49999774586434537,0.40678438713433346,0.42763960822098324,0.7656714586823471
0.667675653514554,0.3974944305806772,0.4030514297332736,0.32730401048675417,0.6014718866255374
0.38504592234150664,0.4652556184740761,0.5397643058687115,0.5152923670150966,0.6046677154190354
0.5281797285595438,0.5394039458300413,0.5608876848446861,0.5840135314198788,0.6124462440115942
0.41644043103415296,0.5420118723118956,0.5888115458084312,0.3998469133022897,0.4400767568882235
0.621149182318424,0.4772872992220444,0.461998851458129,0.39887839907095013,0.6795734104877079
0.6545966547521643,0.24781924783726586,0.2361981039385237,0.25223732838458646,0.7727125904151375
0.4222286199151853,0.38691394637392335,0.37569893670019944,0.2734052313225946,0.6033471936928879
0.5762665318133864,0.5734957443475325,0.5844887305262505,0.6335814390577813,0.4859268297304138
0.44541901524144834,0.5435641586640583,0.6063329718815608,0.47434998543163226,0.6171256256314328
0.47532068373267866,0.5048657516310533,0.54052986195673,0.5931386674260729,0.6028682801997948
0.4530368926786845,0.560425345358537,0.5131772281818431,0.42314890913086484,0.6620297690023106
0.3730591688605531,0.6146903205183508,0.6144516932053558,0.7643310956979286,0.38995082407448756
0.5716315147891649,0.41297152405282983,0.4327958102871192,0.2890609065623474,0.6533845482241315
0.7430393362937296,0.10293516460510956,0.2049662835802495,0.1467990933171298,0.7502289077774407
0.24328212812492914,0.8481239889033184,0.9657821944544808,0.7189662342543445,0.2699468604315238
0.3584392980598047,0.6107370414484801,0.6919968842602691,0.5192166051350847,0.4619690633147384
0.46201291630638547,0.5466445651238406,0.6073750302818225,0.37592732958060754,0.6337846843702445
0.41936271711888834,0.5674499591376329,0.5663452348967374,0.46466852398811676,0.5657204708776438
0.667018771578234,0.4184005431763869,0.3772361622013259,0.34689914750095757,0.7188957644529343
0.5388565170196612,0.5119945240612402,0.4071650290491874,0.37826897480173943,0.713022575399714
0.36920869289258906,0.5292385867807168,0.5326317125209982,0.5428156671429392,0.44463621611941695
0.6726303035514928,0.3425688242385292,0.39112386955604717,0.30303990957031146,0.5696868025138959
0.35908217727310315,0.4888304582859561,0.49280293985729084,0.38197645783388745,0.6504680027276711
0.4711609918448847,0.528256000166356,0.5621285306926682,0.6639488883068558,0.4672718078846306
0.285778928632544,0.5744238422973256,0.5588734451811044,0.5871835558132008,0.5035243327212421
0.407150431808382,0.5100357833069352,0.5233039055524664,0.5206066101646145,0.5569456597779048
0.411280141322821,0.6243639290163127,0.6557115559519728,0.5437390343507242,0.6081742337740692
0.3434250648490314,0.6012669910111487,0.4746424370582175,0.60067069461405,0.7032083338485393
0.4287265646910146,0.3626035352359542,0.3435041772819038,0.3427945428595999,0.6356502755241429
0.6153171496900309,0.5220177253292776,0.4308913895923496,0.6312262714209206,0.4741161861993303
0.3063991899083628,0.9209737871270693,0.9130623682977844,0.809992415030658,0.279822742990127
0.6207944476468726,0.3794170796006762,0.4237379067722091,0.1689186390691326,0.5606183833012313
0.37535896980639133,0.632751015657274,0.6762602639443679,0.6096950311996022,0.4064838664743695
0.14248713950888325,0.7560874056413798,0.7840994172251653,0.6855458496500935,0.32158690973745346
0.40683123187296644,0.6799246615972316,0.669241026406722,0.555824101494003,0.5024441641468584
0.23895042850612225,0.7116039417996942,0.6504338883213523,0.5081179915516413,0.5879043353120126
0.2441559863664661,0.7139716847346405,0.8509586167193778,0.5541337871277228,0.3142561715985922
0.4548103205670683,0.46942902028760536,0.574675838603837,0.4538947983747243,0.42378209326561866
0.6710999323703222,0.31697696026284483,0.3657264978274662,0.23868141437865048,0.7306586050629791
0.617005900621453,0.45892144709944294,0.4811362311512342,0.4333413285227772,0.6075069802085554
0.31359619273393563,0.6236538928539851,0.7078918081936815,0.3689660476043576,0.3675130482750778
0.29547081987749885,0.5071552819834125,0.544809578857978,0.5700626484562111,0.37784386697537176
0.4307301390141535,0.7077308559429334,0.8078857864894988,0.6688595760986135,0.36073887673057886
0.2943341451757209,0.6959355785449093,0.7194838585025194,0.6401325298880961,0.40121561523292926
0.3437914852825361,0.6148168294505217,0.6425620259178885,0.5759867992489365,0.4303596610505263
0.4374555042889299,0.5195162584881513,0.5693300772367441,0.4751533332218519,0.48208840304424494
0.5375905732133598,0.6144354612309096,0.5194315435023977,0.6255299698251192,0.6484201308899636
0.2246765090888796,0.7034552026808448,0.7716111247713702,0.7208190551671341,0.3423854963250058
0.2692674362222717,0.6904597815464232,0.7048982159388586,0.6397669744707165,0.395957417598106
0.29304219431166956,0.5960929629541922,0.6094737151056016,0.44420878464340324,0.4549619463388378
0.2995360803025752,0.63753304885514,0.6455367390322969,0.45193453274949075,0.45562184489579
0.5834721837554045,0.4632618494949909,0.47360500159146735,0.5645764626823533,0.5422033729314953
0.2871233968847727,0.6509737335064792,0.6108719421582243,0.6989000220278907,0.5087551290558379
0.5162424055560285,0.6249001838523277,0.7223762836212106,0.4546554557165211,0.5471354678662549
0.34314029293024895,0.5937658187571452,0.6097783555183706,0.5777560851522824,0.3266814156457565
0.5436716564700838,0.4475263213183535,0.4313488373410131,0.5513400851743303,0.4937725066728639
0.49252835276693263,0.4103207155233962,0.45777805738391836,0.2901632575738457,0.6397791708769848
0.3327613104814195,0.6844846383224819,0.7489384691370627,0.5860399273500684,0.553615846624211
0.35258199278805563,0.7228668626964744,0.6836474419268782,0.5544785078375898,0.4605165762033749
0.46642090850464646,0.48131748649673517,0.5679426688165073,0.38536113703497027,0.5167289589260282
0.6815911776173385,0.4384918789462491,0.35713326117683547,0.21267136249783375,0.640446385739138
0.3900584283225132,0.5860610457739459,0.5751051620910429,0.7338420718336829,0.34458293652744204
0.44751135193368924,0.6809222246655259,0.6805762119309406,0.5243194812234487,0.5103066312577798
0.28861417583290355,0.5778322984455021,0.643938633209524,0.6308834657636185,0.4646543692721865
0.4751009981549784,0.5215584133414172,0.620777484659738,0.4753033154197937,0.3651516661004731
0.8846787247931341,0.362032207998645,0.3765434400943982,0.1689968571126179,0.8259321717162141
0.36748106732260627,0.6706420334326876,0.6593415474533953,0.48454397642170943,0.5355169366385252
0.15727291996463022,0.8281156986697873,0.944532529756738,0.7591353770119362,0.2279847599593923
0.42034246111781964,0.7004467304468321,0.842239608119224,0.45087381971609297,0.4606389144305149
0.4394215887487376,0.6870885336884384,0.7362763815688467,0.4108203509853264,0.6245436546616647
0.17146239376671815,0.8313478292236637,0.9138098465492626,0.731500075561272,0.3589917638653464
0.318581383410429,0.6406263769313953,0.7056977599527211,0.6575409974127194,0.4877926342789966
0.5109136706949866,0.4473308557504673,0.462199555670892,0.4699093861578189,0.6551496179843644
0.5173012543861798,0.5314149062058332,0.5020710116653444,0.426144426761959,0.7166676387000432
0.37751956850026136,0.578346611802654,0.5083720974932309,0.5736689594149937,0.6589746495393237
0.329065092585862,0.5941670711986985,0.6493104420216806,0.46817980692990996,0.5634378644687812
0.5195168756346051,0.4613836373206987,0.6315251540543609,0.36139930804232834,0.43078814363632945
0.6532856842107555,0.36911264285581863,0.4458003568936919,0.4335155633189211,0.5548737732365393
0.3306361604742118,0.6943582189775862,0.7758481317964011,0.5401725444214266,0.47960011831025023
0.4990504921804416,0.5627887185737691,0.5288910867590106,0.49022785527751517,0.6207492598116355
0.4219419273227882,0.5974502018026537,0.632528179872434,0.4496855347312629,0.5104129446060836
0.42528138291957124,0.7752723299283929,0.7767057987443486,0.7699629908743507,0.2904894600233431
0.32622225359544077,0.7330657169175583,0.8577526995641646,0.5294340471084801,0.3568809104185018
0.3387231767073982,0.6064511426260906,0.7954334719019969,0.39379643312292667,0.4180610789625402
0.4578182606867197,0.6171990738423015,0.6553887634294625,0.43107152289922057,0.5598798870869917
0.48527015872018714,0.5077928227586848,0.5686017134217491,0.46167611190398317,0.4232008148852566
0.39847928354624446,0.4286982583330481,0.5838375893182458,0.3523500989338839,0.6048717070657718
0.6513624349808886,0.3662144374604466,0.44657106545516806,0.2771037861996207,0.4882204037963257
0.30479954803343573,0.676910216078196,0.6396427963018898,0.6405935725894498,0.6099249132328306
0.563837625017019,0.4962118725429113,0.576879546029518,0.39596851930913296,0.5050224061510795
0.4952703815925047,0.6016195956104808,0.5977846763829262,0.5826939424759213,0.4933817802311422
0.8134656196084078,0.2466537515078354,0.20979576971780237,0.37579049016759664,0.6573393701502916
0.723492540397261,0.4292837367265898,0.4626519418092025,0.36768624101308284,0.6308081835581433
0.38096035042942933,0.4880047033775988,0.4837707517664289,0.32692034390189983,0.6535676876921046
0.6681837280590249,0.32884342710843845,0.4196888752442923,0.44364564487447467,0.4647522333122362
0.15076495174640747,0.6676863559435017,0.7216233406093273,0.6731512270048836,0.30558917281643566
0.4584157301701796,0.5065690635923348,0.4455302505505598,0.5914995143859212,0.48980726315972256
0.4172144056474692,0.41978260973118875,0.5081663994671761,0.3500517124764886,0.5375552499179405
0.5554683296819992,0.5754203531914229,0.5092098492999069,0.4116446009268378,0.6273720346045105
0.5387383286996642,0.4388454449088312,0.4464513608051695,0.30637839558369256,0.64049394722956
0.554221276577693,0.46200463190529933,0.33065431137889834,0.48309320920059035,0.7990077400720713
0.551531871004502,0.45987305677555224,0.5369712202609984,0.3218876184221755,0.582944350930665
0.14391189329584417,0.5853955743937962,0.7909504805247266,0.46798901053322656,0.3400300049381357
0.5153747312710524,0.3957684981100413,0.5558278062372081,0.2536775778943242,0.6236573436283654
0.31730608763509344,0.6014786992843822,0.6696072196571115,0.4519925371719503,0.48900873356953795
0.25851091732567133,0.7272135262785219,0.8548165814159756,0.6329050083975688,0.1694197572024575
0.4285498923592716,0.5995598239688131,0.625424595355249,0.3347741105240981,0.6768617641534985
0.5744753559778538,0.4780789708827625,0.49750975162668515,0.3604606452067383,0.6759374303887057
0.3626553705146091,0.5577808716023231,0.5975484009357513,0.6503432443776246,0.3170882972792281
0.45783895722753715,0.4373339837511804,0.5435910931885446,0.544929002317437,0.4511580046813544
0.7679121308434632,0.314838874228687,0.47703392347253,0.11877234945141493,0.7420785803101189
0.44307825665636746,0.5626829861793873,0.6124047786624088,0.4638340181952826,0.5071136579840662
0.21964841695578974,0.8376390951046555,0.797538063258715,0.6669868498109262,0.3586144302102298
0.3180680236264773,0.7386806223670013,0.6901642879525659,0.6428976573055633,0.3823391439753675
0.42013898739945144,0.4476785783846061,0.43635642836752436,0.5213619758921809,0.43514069345656786
0.3943759135272545,0.6046328184777271,0.64339609915759,0.5668226185645711,0.39209256039675905
0.3282968355053483,0.6030001840315312,0.6302417348885034,0.470585941337466,0.5067686553359165
0.3854695329557886,0.5493121610101599,0.6935444031445374,0.4817846326955404,0.4330056333891896
0.30264236371970604,0.6643047354491451,0.7117477596259307,0.7482401724089485,0.2961389921089425
0.453381780930028,0.38298475788134434,0.46603485215463486,0.45166456282294926,0.4609578721341516
0.4596924868458509,0.45133506628679304,0.506819512621603,0.4605494947626269,0.4593392543493922
0.19900454435758932,0.763181652560155,0.7170575494493062,0.6334946499698785,0.3712385742112436
0.315576824590558,0.5424624190511508,0.5609956455377269,0.6144109635569077,0.48844006591137723
0.5481895439800744,0.5029378738539297,0.5192499213934205,0.5190151383440232,0.5865463542542919
0.5884930776098156,0.30942365646512854,0.3862603593179817,0.32725124552069257,0.4688083444411868
0.4329371532955984,0.6122169586753586,0.6325496738374307,0.634642174063101,0.5623077880514191
0.3820804577741233,0.5502244609866668,0.5465950259161948,0.6413588147329626,0.5958525320610287
0.33110892808157855,0.7080224755650616,0.647904916579091,0.5848696654062049,0.660239162611015
0.4686909381689281,0.5410665256162434,0.6116157460476939,0.45985128747302983,0.5504904763045185
0.3512460317815951,0.5987357151763967,0.5186882346642466,0.5911691027747273,0.4672518574773193
0.34910344336547683,0.6441880076082537,0.6992576235679375,0.3813985598487673,0.5893432552016253
0.3599158550839031,0.48666378060194787,0.5922451936585665,0.5060892175849834,0.4015348864834601
0.13578697978534401,0.8466406534319852,0.8361119035781003,0.8557435846053276,0.29755433444405116
0.3537426600915876,0.5478625943007772,0.6002358347318865,0.5242743589230601,0.44972324450253626
0.1845877585554238,0.7770019216672517,0.7923583497520647,0.576295953621496,0.49815498039756073
0.6224823264440809,0.4019878224581996,0.3791569138463147,0.41726893823534356,0.6960178526093639
0.6840583440236268,0.31797677032220395,0.44949222095475766,0.19765790454384385,0.6375649700389203
0.476236257889725,0.6946226675200001,0.7302488894719449,0.6684767645301998,0.3524576714255286
0.7504022888206932,0.26644272933597357,0.24913235782937035,0.3107567439469745,0.7185152416626248
0.33101862058811604,0.6126910561790114,0.6421799929022843,0.4317381850129208,0.563423457272314
0.4344235457423821,0.6616839317006699,0.7003108691008209,0.6694886069390948,0.3307946859853687
0.5308186430293743,0.4976072212652363,0.5850143736775423,0.7342597126597645,0.283165135683651
0.3640745618404098,0.6313315333552728,0.6389270246082298,0.5823958788347797,0.4822900922753611
0.4267719565214846,0.5358939759668828,0.5298837261443581,0.47628246978491506,0.550809085050835
0.5614187336866575,0.6364342041958262,0.5804813843817722,0.7103369657690561,0.5634281066984862
0.5440372259827809,0.6217384819400041,0.7070312377978617,0.571818558219405,0.6256305843728641
0.4668118047701566,0.5563560092616947,0.5305157665320218,0.3199150611920662,0.7424711004573484
0.5209259685285325,0.621457905792638,0.5942640017893306,0.5633389091345924,0.7011814771862885
0.4586680853990176,0.6365098162066573,0.611975319838765,0.5579530603255429,0.549591960701872
0.3990687302476375,0.5500945615407014,0.6586534372869423,0.43834859097878703,0.5609410441101392
1.0,0.1098358005545683,0.09641935698117295,0.24252705405447147,0.6573403388827442
0.652845800504416,0.41291837812372073,0.5270764810711751,0.5392162527933506,0.35961027570468446
0.4413862694001794,0.5648903201124313,0.6061140519412936,0.5935556066738372,0.4206339903807889
0.18365281978245845,0.7577117426294905,0.6876013971916529,0.7416976786232243,0.3943782827070005
0.36999915250027926,0.5598824057223477,0.6063557341335631,0.6080561580786663,0.2584410168937734
0.4714771265744543,0.5270205599198722,0.5762854320394315,0.6377934442390023,0.4047800456213906
0.5277856649811765,0.5372581475221923,0.643421607985311,0.5369525634560451,0.5517119030005343
0.7588835607735608,0.24997573678283969,0.25984955730294906,0.08997251978718557,0.8498233994710713
0.4215061170445959,0.5611578858806844,0.6106426678267838,0.5248925308343803,0.4023939051976042
0.48178785597822754,0.657848149348868,0.7080566396943064,0.5776196757428921,0.451767303835189
0.6785928113539806,0.47536648348774735,0.4768445049144903,0.43353064196608626,0.6371954713845549
0.242573098614501,0.6485190478336889,0.6513393236480967,0.6184768296678284,0.37677618371268135
0.5626633199285289,0.5052474701314303,0.49735131335302524,0.404960886835485,0.5861897635732115
0.14618801800016146,0.6873816766881018,0.687166982641131,0.6428409587269969,0.39893043606022777
0.5549522800014409,0.607541332358788,0.586394384701018,0.28513805274480564,0.6614156343829507
0.6450262832591918,0.4468136588814486,0.5264787959018887,0.5372606889859042,0.5553694400042413
0.5553091568753146,0.7490640440813118,0.6592285827234977,0.741294109971691,0.5537803907184186
0.5485814215801141,0.5233598004996949,0.6078187825150685,0.5408976488305921,0.37199690371082267
0.44102644327772367,0.43794860274743025,0.4597111975715554,0.44430781464982866,0.5453711387898362
0.0,0.8337395520008825,0.8129628019521552,0.647844009413025,0.4806313214460307
0.36320531000162615,0.6428272372631302,0.645629422648381,0.644761348803891,0.4126020643597006
0.46470518160172947,0.5038724998594002,0.5248738247913688,0.5809506069057594,0.4750682452588185
0.7010832682047278,0.5491847039006036,0.6311790083233698,0.4723401676770675,0.4228249075387592
0.43513695006296177,0.7070663249366648,0.7275462647962784,0.6830066596152959,0.39384297004935404
0.3367286537489402,0.7836700736790301,0.7561457618319766,0.7281765684549953,0.3735984100833373
0.3529235918973587,0.5670308544295951,0.6801984710955972,0.5542184972608026,0.515511736579455
0.4216485957117578,0.7440840628809159,0.7319417510364373,0.66160280598679,0.33728236975034004
0.27842096484291073,0.6852090266983341,0.739840624750782,0.6149059080707817,0.43200887550602257
0.5457828976633398,0.4491625213487757,0.5142020036526471,0.32014256734629126,0.44946706819961724
0.24570208097273163,0.6153815369383627,0.6891133127572945,0.46449211857632583,0.3070532926921631
0.6272077367735023,0.3832823037531145,0.46825548097214326,0.2885393983995045,0.5450289018217617
0.49765077757149906,0.5905308053182575,0.6875253681761583,0.49517758681063145,0.4762105244400017
0.5146449139847302,0.5589530597580843,0.5939739659782616,0.3477364010978406,0.6394258154473195
0.4528101012570325,0.6259560518992582,0.6246389621293009,0.5314223010216758,0.47292350070119965
0.6842262349381982,0.3237639780159445,0.3654557332703042,0.3075952628076785,0.5178242435240125
0.4155722088815806,0.4763421417325944,0.5404448169455711,0.5092612574757917,0.4893985997575914
0.4942742256408607,0.4758539340320915,0.5126267186410548,0.3661510785139355,0.4840786238504761
0.39264834318908837,0.7174677771987902,0.5626616177409107,0.533245515910753,0.679879783163865
0.4565306995380153,0.5079478604657938,0.5487750740514543,0.5228407325503767,0.5564108572988057
0.39427452204456054,0.697653938452471,0.6437684086604456,0.4770416422994232,0.46798068724362774
0.49043989459800036,0.45612222380532996,0.5928009772416993,0.2848579880707882,0.5113653038151205
0.6688786830577153,0.455856702415145,0.3806161529582558,0.46012330260613266,0.4947810003276273
0.5032533391128705,0.46965625514794906,0.46879773459934865,0.5141451552124363,0.5397607963023687
0.8354169091453314,0.3826009810735764,0.34292339046006853,0.22086838252335728,0.6464832653223583
0.489145365345313,0.4842429642918112,0.6113775138679812,0.37958778510114033,0.4902270223942161
0.7248147848206641,0.6161744817414242,0.43785274799744184,0.6251186969178919,0.5905537008348952
0.719948301288108,0.3729231160630568,0.3366264388183211,0.4268026626348618,0.6543946177515686
0.40365097810739325,0.6678219895757939,0.689922805543925,0.5214211033192658,0.4661189781820415
0.4046551393515249,0.5788455415266155,0.7554027262037027,0.47277337228021077,0.5618813339764199
0.5548265866758545,0.45074903384277387,0.38129360087513636,0.3281411915581287,0.6493579756877659
0.47990215642100353,0.6955289834140441,0.6895202590211976,0.4949498266428501,0.5514109682078335
0.22851557295807887,0.8258379368565077,0.8721842023916888,0.7229589814794519,0.35143614677080953
0.5735639414909812,0.5972714772457568,0.6319704770578496,0.39048406193064233,0.636138192188074
0.4272809969663869,0.5422536320392671,0.6885494566582587,0.6217797982554005,0.2383517177570384
0.641498230422592,0.48319723849211677,0.4781003445974252,0.5261267773484283,0.5383019690277299
0.5386320511928944,0.46606309347756203,0.42254947407974774,0.6025887630182573,0.5140225516984743
0.625990962874183,0.5125624048798632,0.431222034518181,0.35244374507328335,0.5774356282953169
0.3587938248542304,0.6215011941365847,0.7379656027466199,0.5954801212757853,0.361030858366478
0.5914641806846328,0.4890604598316365,0.6218393408193622,0.49643904618750273,0.46161322390579973
0.38780233816373416,0.548426204700797,0.6474383752124977,0.340114600495593,0.5242208792263613
0.29635066190325154,0.637619650409019,0.8240427785071183,0.46987047380981556,0.5436421503657681
0.6525060657851202,0.39085279213068097,0.32478663285937903,0.5333627854692575,0.5883940123041338
0.41580610588305794,0.39672602137841106,0.4933192809403135,0.3604985619613786,0.5233705068256129
0.513583042552769,0.4757604975555791,0.5315199171471711,0.3093090343345986,0.5977712425073705
0.5786459451219271,0.5099493906503713,0.5281701423997823,0.29015055346853375,0.7803053495739671
0.5524336275690184,0.5360182322219382,0.537081948178495,0.6312085666941134,0.37275774816546925
0.7441620127040129,0.5441777417204177,0.5912132280996147,0.41047214834087986,0.7065376376691324
0.5911572644106424,0.5959056218178598,0.5043582905937392,0.4601328198154948,0.6605805586314033
0.26885817398100337,0.8954652999520416,0.8599536138341066,0.8032169168023329,0.3819804711027616
0.39581754600061886,0.6136353233855932,0.7395111618984649,0.5650539096076986,0.36885502816331345
0.5486109907024429,0.39933218911761464,0.5185830589885678,0.33603373710054035,0.6076912029825031
0.18477888899508338,0.620038537079552,0.661795620558903,0.5890580427838016,0.4722987264832126
0.3570919353593207,0.6102828180193297,0.6140605920711786,0.36483821651809795,0.5641412451841513
0.5122375526968205,0.5794991874308144,0.5501620815510612,0.6115770901357214,0.6130209523500268
0.47093406300443524,0.5331856232533597,0.5320573218922137,0.672358379470473,0.5446392864820079
0.40998113411489845,0.616120271837542,0.6871164524752721,0.5647855518868816,0.4472785337106309
0.5129425624152165,0.38650526730092094,0.32168685569181193,0.5592055574122208,0.6083988712018569
0.2677211807549954,0.5883255319970778,0.7292543372818345,0.4566939918979787,0.47875117980895443
0.4958016829504102,0.5803862704986147,0.6436032817064163,0.5019915001718572,0.6949426530109317
0.45266405450903047,0.6092075286390392,0.7344370177280782,0.6338864382315365,0.5580621564030896
0.47459760296249864,0.4791968830342483,0.46665339774783865,0.5328443981829758,0.6146964266532975
0.136612927096241,0.8137175962097952,0.8037567186480202,0.8453729934642299,0.3795561348107329
0.3773202881660885,0.5445996232575443,0.6648781120759538,0.4906968096348248,0.4544449203474085
0.44339716019732933,0.642632144473502,0.7304556991771568,0.6002444019583427,0.4076237001436125
0.3009598562537959,0.6400011616126736,0.7297698274647415,0.4802389118369682,0.48251364647825584
0.32223742349789025,0.6802579911483241,0.7567215548189009,0.5740559592469725,0.4249732189777152
0.20346130640874502,0.9537618288581925,0.9299881014053505,0.8519819316941509,0.2704900644022562
0.3985894859360412,0.613921036799461,0.6511459598349123,0.5988295734551038,0.47408258931625247
0.4955989055744995,0.3948783804019515,0.39517551032436005,0.38025311369200165,0.5458949136329071
0.2935712012598493,0.6836682237452705,0.7165722637631337,0.6231708653118053,0.24203336456773292
0.5521598320578709,0.2912615973891379,0.3608912432080563,0.3163050378788928,0.6092499289245414
0.5861969070428921,0.48901585964668803,0.4756764426046927,0.4893903349698168,0.5600968153843047
0.26700796572078067,0.7595069440160663,0.7165424659509155,0.6883227841477038,0.3930165716028119
0.7883629234971095,0.2895825201155644,0.2660548667436241,0.43024634167580167,0.592025037000785
0.2541044560733988,0.57955670551626,0.5293811376103335,0.6467689525981565,0.45982678323821685
0.6119847960372742,0.5566129452694867,0.5365910322557975,0.40193915232910654,0.6348628084128525
0.765737061188187,0.25828644085428676,0.28428061110800895,0.30198931334122125,0.5612598252983532
0.5391755919686206,0.38879399063911063,0.46238543144800115,0.4657997308798802,0.5226250736786373
0.48453610665506414,0.3046075342941246,0.3498427045042574,0.3805578440756467,0.47262122707123266
0.6192657620299477,0.583427700512,0.5840040409409633,0.4079891593639658,0.6893044343557599
0.14546849162045966,0.6723361737327967,0.7682430720072685,0.5038023816955943,0.4415314563447069
0.5124962298542225,0.5452760455736136,0.5669383338106269,0.32507632496373895,0.6747589155229144
0.8212588854529778,0.37240820854251344,0.3832044141927988,0.35412448732927765,0.6255100421288259
0.7823416856192423,0.47220317348048674,0.4498342954415703,0.3934940767883059,0.797044028491659
0.5277730615768382,0.6866982396679338,0.6918616144277723,0.6308367906212615,0.47809130992428783
0.6097419249627047,0.502895176642656,0.46721836243185255,0.4817689735024263,0.5751514203749808
0.26659357307801596,0.6633301823550007,0.7506914925522973,0.5692480710184711,0.4635608814183157
0.4014201078324596,0.39334594450508464,0.48737386923632625,0.39252805253579787,0.4255084142910988
0.5512186082066557,0.6673773802215848,0.7269764928361786,0.5083532448326883,0.6010936495653793
0.6142193925760207,0.5145323281770231,0.6320172333900665,0.47635488238441204,0.4356968110870166
0.517744989972575,0.4580703260312005,0.5506796305297409,0.44019493177412744,0.4734742503400762
0.6389226063972012,0.3199218493178552,0.3104824755166112,0.34348077520456605,0.5606316249311053
0.32305205599833065,0.7379407149330781,0.6514824927960811,0.7410616455945203,0.4292647123929149
0.5920395539627012,0.518959828269719,0.5612189262129262,0.3517757839299374,0.47611526319654934
0.46678241548747373,0.5131640037906048,0.5229453825330634,0.35867783878162574,0.6491283748157782
0.2770209534605862,0.6879940069744654,0.7221251588900863,0.7411448022873403,0.32105546238169747
0.1623635821902945,0.741381760688673,0.8179133400064377,0.4520987064293996,0.459669788940432
0.37698526280415207,0.7117032068002199,0.6986337345203666,0.6503972718106882,0.438036595994951
0.6536669429556583,0.3707266748139491,0.38797958121002685,0.26923312798742943,0.8393849325150775
0.32558218083348334,0.6597336812428973,0.6703731113629722,0.6834739176403953,0.2931730932282555
0.4403153509552202,0.4983928279531486,0.6273597081323091,0.45937971201547056,0.4875367907278712
0.35332548499555827,0.623860795515479,0.7379701246930458,0.6380671978511795,0.13116770200163713
0.3028361409576177,0.8628509105667646,0.7750724881972533,0.7198951661938011,0.2558206336454114
0.3278564598469797,0.5634188749435346,0.6342589617827625,0.5151807209751093,0.3814950678168139
0.5876357337742311,0.4212525739800536,0.5558950403551349,0.3928756247874487,0.6669972280391618
0.4011973322666275,0.5268832068170076,0.6107635087599699,0.5168376293657095,0.2960815790217226
0.35741633951655866,0.6120970342256459,0.6416041763858253,0.5067331444460613,0.48662205273199693
0.6967398573326768,0.47517645736937664,0.47346438980051275,0.3494376608466081,0.602650438595984
0.4068774432215867,0.46386331940663744,0.6014444453791071,0.36964315269723846,0.49869990432775463
0.7453603848124924,0.3965661283823315,0.45369263556456224,0.5193323259464329,0.6923101025662229
0.06932849919060215,0.7390807806668326,0.6964062875375816,0.8210743421241681,0.3154024528665278
0.20261318523455527,0.7413517088509692,0.8397670275848951,0.6998737860938927,0.2428260399196617
0.2743013759766144,0.7289237510650761,0.6896494871138025,0.7186086689780128,0.3970293198137322
0.5202888854716191,0.5103590014309264,0.5359839350874117,0.4413832945432342,0.49503333087562545
0.7252886887269526,0.4742072962085814,0.46461257724693705,0.42431394399856387,0.5907295377054693
0.695544763746233,0.36814130963585384,0.24796733439650767,0.35161130827132453,0.6229742386382237
0.6514115925509535,0.46741794769385,0.4153102156174785,0.48822733190027284,0.6361328598563853
0.4344299420941176,0.5988609026040483,0.6312100970445128,0.4849104742575715,0.562761121718742
0.6522961822221873,0.7058054425624724,0.8076665347832896,0.4163043575175028,0.6834545560913646
0.027243494341496997,0.8250496900052643,0.9604129387193922,0.7613592665233749,0.38631151797328683
0.3076687192533048,0.5498733137526923,0.600206173480967,0.7172518247051429,0.3642300984653207
0.4056332893269892,0.5765921675876825,0.6668881747969811,0.5179757701578085,0.4837854683820199
0.6287403067898213,0.5252371109779872,0.41653152317964665,0.5323313464288081,0.47136340358111034
0.5073203736047586,0.4190566675581332,0.4196086035649263,0.39398408561682285,0.39436506772795316
0.644589601453645,0.4156029414130147,0.46632412948805624,0.3924531323587963,0.5628116666140968
0.30523310145493543,0.7887216695147712,0.8721800353211809,0.5130316886107423,0.4949174156489625
0.5438592915392089,0.5573024932134996,0.5332923496013146,0.6057723626214696,0.38760717189265453
0.37314469762748387,0.6281986402529012,0.5687415447501641,0.5481397975518417,0.5429825508216359
0.3490291625578156,0.6237459674978977,0.600245297975608,0.6533709588741885,0.5151022811619551
0.5320341644902525,0.5206127821624653,0.5516167852781875,0.4216238735154489,0.7244503265025827
0.641317559648854,0.5359113574071649,0.5225820823474304,0.6262723949886497,0.5960950385683829
0.782756070734145,0.4856315573022609,0.38946157989377583,0.49405450034838266,0.726262235406629
0.31779090476689625,0.6158655660542072,0.6527945803889273,0.49217886188370114,0.6448802905248545
0.41954055562629544,0.6754975045685584,0.6729912578996787,0.5054431131214743,0.5134617971639668
0.4833384580837866,0.5035565978229851,0.5839910027781887,0.41636023237326425,0.4916166937030026
0.09075356159358484,0.6258778223033832,0.7039233526672258,0.5236967162658417,0.2144625550686902
0.360050591864459,0.6844203917440567,0.7092152493027013,0.6942785105254652,0.39663707088156336
0.5516070797830286,0.6366928841383259,0.5784637753163193,0.5644828017390457,0.6443641732189603
0.2193798908643063,0.7941735159439011,0.8285783389908645,0.7753235639938185,0.24502192795671832
1.0,0.0,0.0,0.0645783591553844,0.8090773635706583
0.8360124414457498,0.32466474330645906,0.42414411175143657,0.32391956054078724,0.725382780354584
0.2850616615998492,0.4414178449373396,0.520581404589353,0.453268976671518,0.5152540205168472
0.717723206781835,0.4222823255311529,0.47713070905733257,0.34920502921415436,0.6768449838409353
0.6101797594399373,0.41328814638239686,0.3948000755637121,0.3412640487181305,0.6881490630949425
0.5838338246571243,0.38434897307204374,0.443636173944181,0.6436834651634262,0.2935684120978205
0.20493300964983405,0.8244863318044965,0.7552535009101687,0.7745007781318188,0.3719553696153701
0.364387637943509,0.7189089183409324,0.8236803449143343,0.5001394235596572,0.45679671463714455
0.5327539321259238,0.3249423313714309,0.41246628594846724,0.4532329905519089,0.5794436619341649
0.6379173529381014,0.2979273762332615,0.3688661297969173,0.43984823577708754,0.558787724413356
0.43724712062806137,0.5281801811277548,0.6220824489522093,0.4849065790474332,0.4447188941327803
0.6676289246573707,0.41714000027371795,0.38985039303797947,0.5927261013274184,0.5195938639224853
0.491439933990927,0.6189789311681889,0.6800460174829015,0.5838911788478126,0.31494096709505826
0.6213977133749892,0.33216888562987323,0.3659907928280398,0.4186414768349923,0.5864326697337567
0.4650843634035482,0.4793429357054282,0.6335620315008726,0.5998500921886647,0.3628033938953163
0.25041236729655175,0.6035074854489194,0.5523015755318013,0.6831372236870805,0.3950653169897609
0.36547477026119535,0.620756912209369,0.5988609589000196,0.660688203653377,0.3441541385865648
0.4616842686501829,0.4951729726031925,0.6402822906736146,0.4245376075928107,0.41725978605993375
0.5227750714438449,0.4306033276775702,0.4420865295609776,0.39912283953211725,0.5469375646898317
0.5554661860402978,0.48882524873072314,0.5480953474270532,0.43898108460316265,0.5375259248328061
0.4810332814463092,0.40476325389903645,0.5527528120134935,0.580699685081427,0.39465078597728803
0.4492235267641465,0.390955958254558,0.4530470163731926,0.47270338758775865,0.6848489336667032
0.2975527267633922,0.549021190333479,0.6314528795678573,0.5822499095810584,0.47084807583229715
0.8272466517334328,0.22810106453769471,0.24606464136554707,0.39127438859389174,0.7396391682357126
0.37465171971835287,0.5161610549524784,0.48545452402045197,0.7515449222583681,0.3124618899576399
0.5240043394439227,0.4612735670007035,0.5086209693965352,0.6073233504586314,0.44049110046531803
0.4390534321520136,0.5363128255019728,0.6747626546901067,0.6828270550642757,0.27562529920983153
0.42068447097700556,0.4694381277001266,0.5704755279876967,0.5988691119764283,0.458886837697511
0.7440852692470395,0.21345158639537545,0.2170048305076599,0.3830547009458026,0.6229071801068284
0.3520277549728913,0.5688189509610011,0.638342970654698,0.5363363550721978,0.3653834038064434
0.4399674696878444,0.537519197527334,0.7671031667769316,0.5461940803880683,0.35465714488928085
0.7955028234693989,0.2656966485127588,0.39781684845811455,0.13882992293567678,0.7718577414127751
0.2938573192037093,0.5943172091678923,0.7058876892467733,0.611426166985616,0.2801846329086407
0.1844394714917381,0.5066326844404672,0.5904648252241297,0.5188066721690091,0.4011886341254383
0.4659696878810363,0.4787723085988092,0.3596256751937674,0.5884753725609858,0.6082210325365868
0.5296409849182604,0.46237424364778107,0.5853172700843677,0.4869503620158549,0.4578769752604189
0.9120204305034433,0.10080631527678931,0.08929032146170783,0.1388251761283935,0.8514911536004863
0.6351202210642719,0.3635946158299799,0.3001363422127587,0.3991844219280063,0.6405579195797385
0.7229694818931038,0.3786170841536427,0.3903716700638254,0.38898830396302253,0.7665415597111366
0.44442377828498564,0.31366696203729955,0.5281603254621564,0.35735375942812225,0.5535534148007637
0.6961466341891988,0.36559658085409236,0.4137940767296016,0.29000840694829766,0.6514254802556565
0.44484459987321895,0.4799553460898161,0.5385202211771484,0.44062504485048765,0.4229954294837767
0.5988972489263796,0.40373048263801675,0.4540527177892941,0.4697455819277862,0.6216678432629771
0.4639552420862536,0.36298017499825,0.4418194867325446,0.17871264505795317,0.5265004406700098
0.5255581049360072,0.46130930914693097,0.49587217902074515,0.5422594858912552,0.5810570510109823
0.8827740886094078,0.24578889775243568,0.23175623704711856,0.35113030719930743,0.7376823208170694
0.40548182452048326,0.5259867839297614,0.4308410246170019,0.6254375981087469,0.45129601997105545
0.4315329461563804,0.5814321926439194,0.5193732789472236,0.4810643605336753,0.6584740897027689
0.3563625948602786,0.37503614542825847,0.500948085539302,0.5328917660495381,0.3454965375156386
0.4847621753509183,0.453678039964639,0.527889822700049,0.6084116926157637,0.4956906332402209
0.47098734833472716,0.6878168317056105,0.7699868607198049,0.6277822126354604,0.4557406416422077
0.1609736737751978,0.6426208691398043,0.7389672279351369,0.651532698500311,0.30543966108157644
0.5848790966808657,0.4223006035450784,0.37175107071889774,0.4180149929968831,0.5767836299871075
0.3940493933793247,0.6538811602764089,0.7711299718077229,0.5132941930210283,0.4282548023034718
0.5770476354063068,0.36715506470875825,0.4986198071816589,0.2713774471830048,0.5098151775637091
0.43499003831947775,0.3558967401745612,0.45737217381384615,0.45077310650174196,0.45495739990868256
0.7146210207882627,0.3081186382022113,0.3397363452672346,0.18534485235280979,0.7950959218891844
0.4276550100875391,0.7452595070796971,0.9169462714966086,0.4511820529281835,0.49007270426391886
0.16791151108383315,0.7732007596658399,0.8676653409879066,0.7678119553694529,0.28236950039772885
0.484883813937703,0.5108187191069704,0.6324688949897791,0.604186374383524,0.4557709919198588
0.4071145622218061,0.6106498978431472,0.7159058144659615,0.4702937534162944,0.5299184434763479
0.3586237605100294,0.7090461117796156,0.6933139436912387,0.5835733581995586,0.485191903541903
0.6763524225200046,0.4567188933573568,0.40891693992818245,0.5753023873296679,0.6898088677880058
0.1358583537257967,0.6352755684868601,0.680786670291007,0.6141589430303537,0.42069044859365184
0.509928700532621,0.42465158305846623,0.5147131105918447,0.29896298271934263,0.6503383517830684
0.507971106209129,0.4022836378914729,0.4262966836660553,0.4224111567624807,0.4349296117878282
0.3905203089603438,0.5588461341875546,0.5706921533659564,0.6379823388978145,0.5070609692493775
0.6286556285262218,0.3007781846814984,0.3186300821855534,0.49663044038343396,0.5219881162134113
0.5883124826501306,0.33631519867066806,0.392849298770372,0.21828391726252436,0.7099175407837123
0.47997512803459935,0.36802865158621145,0.41276864054500023,0.41133102833513935,0.5760748883853463
0.20897964479860556,0.6542842430299508,0.6470557291750789,0.7078168103496574,0.42081356257841473
0.6407763283481798,0.41716883584740605,0.41877846300663996,0.5890796421370489,0.3779134162863271
0.572389491207757,0.45422762836024794,0.5617084432920033,0.45849364694856065,0.4327865210215527
0.5058963191104285,0.411717325874162,0.5187315910312069,0.392647088746676,0.5329671038834635
0.2803531095146286,0.6362689973067326,0.6552672984558576,0.634761277266378,0.46865308384351345
0.7183027020339748,0.4039493957287249,0.4263483414360829,0.3297095677047069,0.7361618992499234
0.7601555702535826,0.39403546417908053,0.36063103759753645,0.4835478740603716,0.8038086539575552
0.7104949698805239,0.24659221066351406,0.3454332458393547,0.3504597380156609,0.678536884915872
0.49438346920118953,0.36527150669541086,0.47220023836465286,0.31339397802904145,0.6209583736046945
0.14697011839116939,0.7562301073745039,0.8286540473317419,0.7662838193362467,0.20693393997088783
0.5305372034997877,0.5615436782656774,0.6716073015224481,0.4950424094890965,0.5168228105189934
0.3798677365132073,0.4939188414168974,0.5393202577336255,0.5024707673425683,0.5537914624777129
0.6990430812362209,0.31729415100705294,0.3688596633151899,0.5253122749312387,0.6166821839570839
0.48707862749812086,0.5841865640004781,0.5335742221887046,0.4018784610478633,0.6954519840083419
0.385926208026936,0.46673302598194755,0.4783923059312668,0.5337003336435835,0.8050174054811271
0.2907954326849008,0.5285182024134107,0.6522460021620367,0.5673512627517614,0.29088981017089877
0.6139357400990345,0.6553086938530578,0.5679740732137639,0.4802588828719869,0.6261571018079763
0.3884287705167973,0.5624939765053282,0.72989588741433,0.6276885745605688,0.29691803581781673
0.3233622648063379,0.5701203271436279,0.6045587576222837,0.5846701624931725,0.31121287082979016
0.5332969667389991,0.47893599091348366,0.4658312816247529,0.3733033286013643,0.598367615609775
0.6823951554568579,0.21720732697362743,0.27720796662957964,0.3125364628623738,0.6694519937105577
0.632809278659682,0.3983023492389317,0.2800323584701666,0.45750096268557483,0.7313575263543813
0.5342637173384188,0.43611083818758895,0.4015967713435263,0.43902998577711116,0.7223632996684806
0.5936401989963161,0.286993374371653,0.41352484635839054,0.3372119785568013,0.645274814658237
0.6137774365956089,0.3416620308570672,0.34884523125954986,0.43171412758856265,0.7346707867899749
0.528164694487077,0.4019734049413077,0.42015352059718475,0.4269067404300374,0.6816978909554405
0.22329372827016108,0.8884439589257397,0.8551854278908377,0.8246899290378874,0.07795618127837693
0.6995327312605287,0.39891928869496684,0.31681616066971185,0.4980716586538248,0.5210170214635971
0.4059354843606978,0.5976355427319905,0.5724730834425251,0.4645908685400211,0.552869817114099
0.4416440986962174,0.5386161808681706,0.5731451860742698,0.6725804360009615,0.29789905934108335
0.30108349099830317,0.4976115838107225,0.652766030877024,0.5578613974433426,0.37316397996220485
0.7942501950417469,0.31649606816018977,0.3639706719676042,0.38126917050105696,0.5555847185896868
0.7044986124673235,0.13023456714152454,0.40773486324893465,0.18200095350198073,0.676988758635885
0.05885013482169025,0.6891359790923577,0.6650835199442545,0.6627515039861426,0.2950116680574103
0.5205523453417806,0.519986464628285,0.6080234987537338,0.3418459346750777,0.6076896027154421
0.48596643825636016,0.4296455866554627,0.4793023931613792,0.37808850349734774,0.5008714286295015
0.5329161864389589,0.4576504106066333,0.4343057822178727,0.41939605500197985,0.5067859770311018
0.31125592298181703,0.6734043887045055,0.7200523260120004,0.6226810090006394,0.26605358291509495
0.39794935439953405,0.5364011341803009,0.6489130841924664,0.47207861117773303,0.43564993299704396
0.48543907716794005,0.6473004384861608,0.8635138290983476,0.44514183593866835,0.4471446991073444
0.6837470607919057,0.1575406026674817,0.32077303073715757,0.162098005395977,0.7155734563434032
0.5915884156669438,0.37602224772631115,0.4914493545846727,0.5021010560547667,0.46647737911818005
0.3241075829674837,0.5970865030909562,0.5122650830258004,0.6429784712976527,0.5103416319609838
0.5499726724009827,0.4061188695629677,0.4976139191759525,0.4604098018457635,0.4458525752965772
0.5897334686719673,0.4348581921159049,0.4633777345815784,0.4994545562512591,0.6074438985679155
0.5786393858076003,0.44550988326166735,0.5534710871755261,0.5016812066009624,0.5502203843357758
0.5094120697215072,0.32423618626295747,0.3642433843311037,0.4988941103822956,0.57777834471913
0.37598241156049234,0.6278032980742771,0.7048884906579512,0.6697253027415269,0.24392801111089737
0.3445846642912894,0.6226805239508866,0.7233025172101359,0.5705719521635324,0.48734323535947066
0.0945182694899891,0.740451036094449,0.666626409584022,0.6272124019894636,0.453486354383721
0.19291123351244474,0.7237694360429244,0.8020284551547822,0.7405088419419309,0.35901630661422346
0.5216190289864711,0.2758613830918958,0.23585570811849293,0.31560987293231013,0.4940335054582045
0.332276124745485,0.5450373424409621,0.6099513265346812,0.6604896923084284,0.4003450775626324
0.4648032136663205,0.5060183534875,0.497728301302739,0.3946633201760478,0.6382503641852664
0.7350259069102968,0.2229016156717488,0.1446158334309006,0.3390954988345757,0.7007991836747235
0.24663861571474818,0.6368272725368127,0.6074678515945121,0.6327857816449136,0.31012017131184066
0.3502881409713175,0.7159995488758567,0.7910133076533792,0.6589446367174645,0.4723959947242647
0.14625101601621415,0.7626066773648412,0.7909182209561528,0.6498553781024631,0.44053583542062946
0.4309870863374852,0.41643988441517316,0.5486271312940629,0.6026485840963397,0.42044082396942983
0.5152704539101516,0.610354967898605,0.5549586839287267,0.6067119303449475,0.4437125253177142
0.528006513650932,0.6396533083240663,0.6352358650151654,0.5402041569911016,0.5192365220182549
0.46968198236269354,0.44154956877182716,0.41973506714904535,0.5232270071522641,0.5856826171101144
0.4712344257992645,0.4800466422928782,0.4237868635548373,0.4412794411163772,0.6710034815812391
0.3616924964912706,0.5998140064860584,0.6200384080188346,0.4882515220246383,0.31924522251761434
0.5209003568347531,0.4630137466600603,0.5522400498332493,0.4314205416626584,0.4569316432194641
0.22426336986137446,0.6791362130827819,0.6740518376889694,0.7238865062492499,0.49274948257944323
0.7307122317879036,0.31942283536925464,0.4472237745080512,0.15417915056586284,0.6909797853111332
0.5857497806477976,0.46888465858407136,0.514124012250735,0.5841274691387446,0.35299836815654895
0.6014014999200401,0.5749140489627598,0.5793791598761848,0.4776525579307531,0.35849566377883807
0.6778557546598494,0.41898886601308344,0.4838112076587074,0.4104165892400125,0.7369879076427628
0.7574964897885905,0.4178192098397964,0.28319244410505484,0.4744310219797159,0.6298439036922717
0.38199291383555495,0.7121339458666919,0.702073758280596,0.6288317553824907,0.4082435241860717
0.49605940383526964,0.6327627834582689,0.6167976592328126,0.6276521847102469,0.4511120900151351
0.382211178212459,0.6408478975271813,0.7562168514216059,0.5874972921276452,0.5515336679841898
0.4410579629541021,0.5347527843598431,0.47815685821309556,0.7060613386558897,0.38537776733111245
0.716270659686885,0.42963856410286333,0.48988256755337384,0.46808501254181195,0.6835962900220708
0.5058954369877257,0.42756599476845214,0.43357483848202866,0.5358004555194478,0.5712700227410589
0.3983450690992128,0.40068178095455786,0.4911682513430505,0.49618404684875556,0.35914590478957376
0.49338373343239417,0.47527212081210723,0.546586439958922,0.4935622807503653,0.46035200961770434
0.4300310051866382,0.6383810450515829,0.6250569318505811,0.5239355280792258,0.5173397636258956
0.5174578773782439,0.570067756713247,0.586314104397418,0.49751441311260575,0.5222181066049939
0.5892532745180815,0.48873634307756086,0.4844783502489148,0.47889435821991677,0.5334623202109424
0.4034054583081596,0.7308206244788196,0.7565198322570976,0.6404353712502685,0.5076750330809319
0.5124068707504625,0.3885683565305596,0.5542033094304974,0.5330332802971567,0.38534133229381484
0.3588348521438303,0.5579588905338132,0.570447707886059,0.582792980558021,0.4712356715321836
0.7935342164744382,0.5006774652753212,0.5212559009829288,0.41592507426750597,0.7144146520700901
0.18261568237288145,0.7100179872255316,0.5757855219557019,0.5422745970675246,0.5034241725320503
0.5287506977903755,0.38421903956406095,0.4279539186034347,0.4534210716420803,0.44134156743688396
0.8357054011684307,0.3281426268038017,0.218591485765913,0.4833242600331572,0.6636241159427475
0.7467367623308232,0.35787037665023197,0.36468673798479445,0.4360779606322388,0.671493808869112
0.5561637468001086,0.5568361480362065,0.7044317118906538,0.5572955856639721,0.3460371427850784
0.394743449053632,0.5131831706951199,0.5207476274291848,0.5554584490379116,0.5035285560778628
0.7910602733109451,0.31314727886600785,0.14841432732951085,0.41798646010650864,0.7283355718426079
0.6953958565486427,0.5179908315071364,0.6104144584011862,0.5945958531646652,0.5124497145334257
0.8395097075963895,0.1520494942182611,0.2421441519675512,0.32958745240465437,0.6953749945781909
0.3729455600483993,0.5261609894719619,0.4782542634546526,0.7253315114594124,0.3864326465250602
0.5786652313697769,0.3686970913776889,0.5304946088839301,0.42125661377404905,0.4022188299085998
0.6464230762308661,0.35595277214866583,0.40921042500277505,0.3886263026505997,0.756860205621671
0.41477962858739487,0.4125706272323573,0.541101871418259,0.49017166767802245,0.40192642169403475
0.3452719752870336,0.6715089337618002,0.8216498837177032,0.5888269812854627,0.25374943940418115
0.515274514612991,0.6515127145111587,0.7221994988154956,0.5640861922489421,0.4323487997688413
0.6510836407981216,0.3911884874144871,0.438338263907511,0.46407067574905947,0.6180892951991547
0.47565556322436864,0.4805406754153838,0.4413842622012584,0.5654463836911316,0.61006846598966
0.2684635502808079,0.6252534182416055,0.6223542871215632,0.6405389887262565,0.32329375183208475
0.5419333057535392,0.2868649079908266,0.2516003889654065,0.446625274193057,0.5235966034022626
0.49648633727499286,0.529336217981358,0.5415100032009991,0.4956310218361976,0.47446699269911163
0.3974821461588289,0.5753785831665044,0.5859572156682139,0.5700516037787701,0.5801767029598592
0.8230942836992542,0.13325155806554628,0.21539076316625344,0.34159377977167343,0.5781854379187299
0.4504453349377061,0.6010084098278315,0.6121626450921038,0.7297815789288811,0.41046351014466254
0.44728471338712683,0.4261148678606214,0.39834908469070013,0.6490194655917051,0.43779490111410824
0.6808405386295471,0.6041972494045886,0.5774442989450249,0.6062406335148445,0.4651502879561209
0.7864807688664391,0.21319044569329904,0.2295263069147621,0.21633108844631438,0.8257007550876355
0.2999362674553398,0.5196599392191663,0.5358177244249448,0.4731967689047518,0.5417036275492207
0.5552667274362275,0.3343510150008209,0.4692498078660117,0.3932455367411067,0.5114239854704685
0.3310094326416914,0.588316788978877,0.7487867976621618,0.6490407551213497,0.5098467600974464
0.522998301917067,0.5538866765811489,0.6025380889768137,0.5261516426439474,0.410225371956508
0.6891639431103084,0.2142678701671105,0.32889715415691734,0.20389122566557294,0.7359599661309445
0.8369283040715993,0.13012083332393026,0.15006728938961175,0.21644717328179988,0.7778847822278052
0.6545781995000991,0.3448947693011711,0.3200443625667176,0.44493096574434826,0.5024822594531924
0.5882584039443352,0.41451905802264793,0.39923340584917294,0.5706205352705458,0.5532793198214937
0.7727291897911097,0.3403976984149917,0.34101994954972936,0.37744395717708945,0.6744999590200048
0.7412988529363181,0.3238645882412268,0.3632565829578286,0.5117709206946708,0.5968596714104085
0.5729840033154511,0.4966655624858945,0.5921149888788129,0.3743236324552224,0.6923871879985644
0.4622640258853807,0.3094250416341458,0.39212458433757996,0.42546587218512993,0.5066091353850251
0.5158416847699732,0.4161226386552081,0.5309324601125944,0.3658137925209551,0.39327465034914333
0.38162075513524624,0.4236528628927149,0.6047789095467048,0.5707376904075223,0.3639989565556381
0.3641606478592885,0.40775606068683135,0.6047203622685289,0.44634682604024845,0.32335174995719873
0.44084255948420564,0.7448352310099873,0.6842926174033642,0.621132160977728,0.4869393882553295
0.7956401868477222,0.31819924407290534,0.13271049707110774,0.41197736940630864,0.7748069318084102
0.3339710705277826,0.6434867183182574,0.610824848535415,0.6122224514312647,0.4846099036721056
0.5589039380596845,0.493551402791548,0.4910203866186106,0.4933902673847827,0.46431478958461564
0.44421503148045605,0.40926153032621243,0.5709138817710617,0.5485311631987211,0.37881282245322884
0.5477085042901538,0.5147795853946282,0.4389818447909708,0.7075946737645169,0.48584430579797233
0.7422766311400314,0.2518158922503867,0.31958322661671573,0.2604410401500779,0.5444121594333079
0.5962952859617173,0.47907037159971144,0.45864320750302257,0.5130986124819034,0.550738034025926
0.6860593911816566,0.2610020914094695,0.3005536539882986,0.262004619190768,0.6771473573172191
0.2524250111809979,0.6855408790675136,0.7047824439816689,0.6230449086322153,0.43781019024956985
0.213991832271775,0.5986231162127904,0.7073804772278928,0.585253224741835,0.23791852357116902
0.5419456405167455,0.31121270107545024,0.4112189577708633,0.27989631355065914,0.7698738061709804
0.15690801591242726,0.7408822423969673,0.7439953677175967,0.8490084415126034,0.2995795797157975
0.557435724890826,0.46173739908104133,0.5619233246134079,0.4762545797316532,0.5039093708147606
0.19176824247904356,0.523399893933827,0.621056798878646,0.6467824749025124,0.34207308318665597
0.3139955271784263,0.6512481949700041,0.5782011612961996,0.6413158022343227,0.5175793511454532
0.7145559408203823,0.4014838151960379,0.36043988845237357,0.41623884981014775,0.5663224712949619
0.46575029191584394,0.5536957324887191,0.4723633619906035,0.6446288529665047,0.5693875631931595
0.34400239620370254,0.6268808727069914,0.7530663252893008,0.4746504449590073,0.4515416400588427
0.5373396715243078,0.41301093163034275,0.4370436119803728,0.43095503682654485,0.5611238689373415
0.45054721015844396,0.3879388081970501,0.39635105985384805,0.36234814849902236,0.5716433415543267
0.6134519486626583,0.294009088014666,0.3215812016426437,0.4466255259168166,0.6859523534707032
0.5184597861587815,0.44361653126028344,0.49235586285694266,0.33700517903606886,0.4415871972522674
0.7071363371072447,0.375145388255342,0.5003047260433385,0.43841681344772543,0.5085908761485137
0.46336825874999216,0.8138055000614705,0.7697021252943251,0.7784142783365567,0.3707389192634094
0.5289141697573322,0.5857766674293634,0.6143833496831856,0.6118238980130778,0.4144225571717407
0.5747362723394568,0.2981534204948232,0.40056379366846073,0.40053164675246067,0.5375670075890234
0.287885565525054,0.6692920025390229,0.7711028755412428,0.697324159401333,0.1800757377417094
0.14648407400156896,0.8689775981476997,0.828563759948243,0.8943869095700281,0.24655429277432683
0.21038887224999192,0.5772331207671192,0.6046989345470275,0.5484452570366164,0.4558128931694041
0.4327671308489077,0.6058550838336119,0.5573315128171363,0.4972891922237624,0.5716938169899902
0.24155966599131834,0.8169792239972418,0.8622256394320575,0.7013804318065077,0.45761293788009755
0.4139567983610064,0.417467572324098,0.5609076697176919,0.4651435141712,0.6797634979132142
0.7023125487442141,0.3037255811046114,0.3014540787990976,0.405750000831486,0.6732575787554834
0.6848966805183834,0.1731671791011657,0.22000801945419832,0.42097192446538934,0.6040895955278557
0.2482398021988621,0.7095588905663188,0.701935520585285,0.7015647921929719,0.4269047731258753
0.6204900528911756,0.666852918718348,0.6975629856417733,0.5517882193537795,0.46081408073152047
0.38748101680004643,0.6143563264557709,0.6533467448877031,0.8070591035061804,0.4685550074218484
0.2906813470596101,0.7961434482736554,0.816485060682663,0.6950269568331977,0.2833005324895422
0.3904767931172077,0.48783392609339704,0.8097035515285936,0.464653841923463,0.3130931863467954
0.18229554821094274,0.7362005129176052,0.7472917789630181,0.7500835619163368,0.3068498162625566
0.6327616784713371,0.3614909044803266,0.3409308398240683,0.4930955288657277,0.6398641757547159
0.535114253095295,0.46417876626326565,0.4884250230020462,0.5526537237399074,0.5606814312560812
0.7096450121842011,0.24665824028548888,0.3676542898489531,0.25881399497197094,0.7870378340424182
0.6767122746250648,0.2681577755171558,0.4063493831410729,0.4882253831906096,0.42154473986995156
0.2514708446506832,0.6993315781011971,0.6853483034331119,0.7186503948032418,0.36772675725206655
0.5444274000538653,0.5280019875825649,0.6979297581420709,0.28851377818731994,0.5932159001003822
0.33224800609425864,0.7480226700053563,0.955045585472778,0.7358117940785219,0.4482039744917684
0.5141029968344958,0.35442625210503886,0.4887233964489938,0.4501807121157046,0.44963581133898917
0.4388933687061436,0.49872795984316515,0.41874764111172,0.48141874052121025,0.5532520634709689
0.9104815738312194,0.11461114722526226,0.2582814195756165,0.18920468355362793,0.7292808746081848
0.29428448275136343,0.5918437827395826,0.6479108775030753,0.5340698556355723,0.5670507941037618
0.5198119282351175,0.45773464299015143,0.49206713142119834,0.451788319197282,0.44062894478993253
0.9366344152022013,0.22944673257297307,0.23425777711844645,0.23828586883012093,0.7286604443413197
0.43661665939464106,0.6317852179231314,0.6699789681811869,0.46827557942937886,0.4777522399346109
0.6305746331402754,0.2960530364554606,0.3860795730848076,0.20389754417862258,0.6551025788990101
0.39200978304173884,0.6372788173887476,0.661379310709704,0.7415182187673343,0.41797363815151317
0.23624636203651575,0.7740450424353992,0.8396080804067507,0.7323732218203957,0.15837822819814654
0.7150899974148683,0.24409023583518977,0.31618496485157266,0.28202244645095004,0.8022679908409349
0.41620707345305585,0.5842973867343915,0.6107218259016342,0.631849506002369,0.53371991433791
0.7494911610096012,0.37483499410722115,0.4061798004931182,0.4746139471492055,0.5238063723183883
0.8690675781667934,0.00904370934926596,0.0,0.23240830699998066,0.7136391567233049
0.44112366350560095,0.5627800297897294,0.5969634098365413,0.5059636844958431,0.3931200864888227
0.841595680311762,0.21422303405342893,0.15031076965350595,0.35151668887800663,0.6703655520167265
0.6700754278462772,0.33073338674903313,0.3698317428473666,0.43020657041308713,0.4580019376092401
0.14898549741436187,0.8551270313467219,0.9827070525178023,0.820332483184338,0.128149557653399
0.2542642261850292,0.7877433904138847,0.8849653156611386,0.5965242474739505,0.24445471908257518
0.3432877747543945,0.6558497578699877,0.6777015342742871,0.6684093883404908,0.3810687875202207
0.8613190628151761,0.4178946537739877,0.5030081952680547,0.40852176813007857,0.5895022515608752
0.4881611023872842,0.4423455601620462,0.5208218343320569,0.6029021173109103,0.46587010321585054
0.5394050592184444,0.4806149931258174,0.4068090544120032,0.37887264716231217,0.6485126487743318
0.5054406869878619,0.46036657184063345,0.502929166426115,0.6540746522630364,0.3842621118113631
0.1930966040269603,0.7159322032595004,0.7575543858265082,0.7218345698193315,0.2654367157450475
0.6385426011731913,0.5056114329400775,0.36683591603548793,0.3658530788281368,0.6426029159397135
0.6007242447299651,0.3526614971058436,0.46239452926202607,0.48575552941002925,0.45179102880564265
0.820315042437722,0.26925857586644725,0.30903944477617995,0.5063682313693286,0.49193179543758075
0.45332471209847514,0.414069177826796,0.5072714070346928,0.5226412052925024,0.3640805176708157
0.2461559809630642,0.62747383536421,0.7519703473653646,0.6702259399890883,0.31241772993745737
0.5600802206245855,0.28337114886258524,0.40683178767920114,0.33405995452834325,0.5657217427019027
0.33942505133999773,0.5821564970915957,0.6548428069048382,0.6427545731764592,0.4851766583232935
0.7022621134358666,0.4335930435532206,0.30308203775379616,0.3869993698532002,0.7652140078561056
0.44038899521044605,0.7381836385554319,0.729260516777128,0.6926317682194677,0.44282682554966685
0.452288101511578,0.4823519018078972,0.5514947838044998,0.5570568500240834,0.46097024247341783
0.7960653758958549,0.13612286012081398,0.25166669558481636,0.29836277296314595,0.677613465842645
0.3000221721842213,0.7547457028433427,0.8063807178901695,0.7393888478569953,0.2532672651740276
0.5011160496108089,0.3931640821654456,0.5064326239606877,0.4423933263244554,0.48519854874474116
0.3076286022592662,0.5293920274785971,0.5586177570335765,0.5571211428385148,0.36419823093708825
0.6273329757181088,0.49583031607370887,0.41306565254399924,0.48768958869705575,0.5104077363662515
0.5639512696855574,0.37581070921334464,0.3439236971300767,0.6116548461110681,0.5843593559239202
0.6699304963486152,0.344001158359349,0.46687858737774396,0.28295785939835094,0.5416030793969512
0.23267589914249973,0.6701799607089468,0.7828576987841246,0.5808174028814749,0.43780880290723484
0.23859257923393676,0.6816014052615246,0.819727333488691,0.5722871955820205,0.49618964002773197
0.7631759855790244,0.20272537955188813,0.3020790800796487,0.31766921861232705,0.5233228343222303
0.5271529339859675,0.5063563645455547,0.4891187990076716,0.5319967257513176,0.5446841965076057
0.4384975464162295,0.6268919834831919,0.7585005964704951,0.6255322289375431,0.4456887846828002
0.4266829814056999,0.5495293425481749,0.6020966445196145,0.450648644245194,0.509296853311582
0.8100822061422337,0.20486667439207695,0.2545788175693036,0.17720868719875324,0.6118318783000707
0.6066685559931685,0.30020374020133045,0.4679388729477456,0.45610148539125833,0.5371243243675623
0.2773155929500221,0.5679368291326765,0.5951257417838826,0.6536700915745969,0.36615919183747386
0.34015221185925754,0.8692570770768557,0.8149702590025704,0.7843257407857068,0.3376086626130328
0.3492578406731175,0.54277947981887,0.6470845450042623,0.5472131611536214,0.5329055070766588
0.31176146108628305,0.6030497245762618,0.5313314997720503,0.5031609970352425,0.5899463321534656
0.560229945889609,0.4104700784024426,0.3842297193798036,0.4959033392844614,0.6246128386067663
0.4762738564929022,0.45529972463134627,0.5664695558881704,0.47014523110995626,0.5073465767825547
0.583349147445716,0.369812851642388,0.39769070527185446,0.353671279517498,0.5349039067584326
0.7296628282946372,0.4080581994612565,0.4124822928959245,0.3594081812826988,0.7033054179094774
0.41975773885390544,0.47764776362716466,0.4511583373027271,0.5701737492057278,0.5697232798703079
0.39476825172448077,0.530748168512766,0.5431394418489489,0.546569170759839,0.49066134707707965
0.4157132948413731,0.40801653091568996,0.3593750875244523,0.4122070508579032,0.7068576685563986
0.4654331547535098,0.5290852280348888,0.562724129352471,0.6715375193481207,0.22114077080203295
0.431929983739729,0.4643221470186783,0.4952519273809316,0.5405159655674243,0.3978949374432984
0.6552728311093392,0.3155461390202372,0.32879315331521375,0.5055094109698219,0.5053623673339065
0.500598567011136,0.4878098231099381,0.6414511082073222,0.5289239251299831,0.4085139771004095
0.46355303550546456,0.5361931194858909,0.7252216079603365,0.5160241591192999,0.3212625907241641
0.4708279885532336,0.5291910462950221,0.5694455629969517,0.36585990664242357,0.6719240334718735
0.6058142971261484,0.4827061411221156,0.504206508267037,0.42186202882824547,0.5395750105184656
0.2655068908213154,0.727389759023647,0.7931174564526994,0.7101049776998338,0.28662217671943446
0.4301988419726414,0.5007705606867514,0.5644781973183914,0.4731031295332633,0.4931247601631465
0.45833478144742723,0.4187922578629391,0.4205962324535912,0.5677301285087413,0.4350903463203208
0.6478001308589031,0.5714105009471585,0.6509413652893339,0.5724592945583407,0.48380728585799915
0.6105817075785415,0.3717104717234659,0.40819305470932754,0.47858159030461256,0.650703862499037
0.6922115763309403,0.3350780370828027,0.3748153148573124,0.29069325224850556,0.600271647332191
0.2768215767048806,0.6533823988262892,0.8078039965590196,0.6159876444203513,0.3815924225119458
0.5113723359095024,0.3952851119255618,0.5043886782634059,0.4322232300604254,0.6214279686487912
0.46586733097546124,0.2860799485888068,0.36702894264589075,0.33432901134348036,0.5077602157900116
0.5146791289460027,0.4990448280245258,0.6816780235778488,0.5046365530938602,0.28907168557970186
0.41799089613855683,0.6576913458193837,0.689196551010019,0.5379139233235111,0.6678995229057891
0.4614462781426019,0.37820257640867977,0.4455443363516813,0.47766286326879076,0.505459087592874
0.39935803881498855,0.5220851420095959,0.6322169727541032,0.4754433473066326,0.45699445617807477
0.47712546294632335,0.6034680895687909,0.6009150917362245,0.6273193669031207,0.5298136819715327
0.34508805342487414,0.5018408631215,0.5858507875467001,0.5521350386315899,0.4014965217601516
0.9009042611531636,0.22579231823809973,0.24785249963571734,0.34026423199950845,0.6168982428406306
0.7586798410834094,0.5098440546288439,0.48797101489031763,0.5642521656197317,0.6898186386637525
0.363964998483545,0.5811170413784218,0.852138102996722,0.6511199770746771,0.12725716549058771
0.7094660970727489,0.18369041768976493,0.2081649101774575,0.21745270142031967,0.7192096915400499
0.4074947181376208,0.6940843591828572,0.7546186982972231,0.6449221575696943,0.3683316506903427
0.6498166700708282,0.3806432759411818,0.42797808441616,0.4735594411389517,0.5123139441152386
0.680328856883336,0.19511898931281202,0.24770997032324366,0.38851015972780395,0.5571855739432509
0.5501077856712525,0.4745150794614568,0.45504902850935,0.36527853017392886,0.5864003358233317
0.1590496702913258,0.9723115174440229,0.9695492180933618,1.0,0.1313688959045886
0.363088099186077,0.46431032740233824,0.49587387490427715,0.5855152545110847,0.49829159980703186
0.4211428003488816,0.6109865557456956,0.5999487822285073,0.5412156557249638,0.5516228577021176
0.508379667224106,0.6487483485199209,0.5874782576733136,0.6263596954279378,0.5252269297667594
0.8483027407655199,0.19440249391446635,0.17687198038148974,0.3949973797946527,0.7476940771063232
0.2561912143109959,0.6258964139194747,0.6159390523404542,0.7412523879544723,0.2994807929567521
0.38296252112483664,0.572188486261891,0.6024752402026781,0.6835047456943462,0.39260953788007774
0.8230145179224014,0.24558245995914085,0.2966887943715421,0.6618630500961076,0.5012755025605405
0.39441642305045477,0.572590558455425,0.637508246181724,0.7015585028771025,0.4507807805213831
0.433287879995741,0.45418053560743626,0.4439995015824367,0.6942094263545247,0.48541650239434886
0.16603126085082925,0.4976987945533681,0.7409819560963645,0.6442708298767064,0.19051941368443404
0.4752375668366985,0.5710572787023293,0.5770502292358201,0.7347122544318585,0.4764082759378671
0.23259254579494054,0.6794557844129141,0.7488983578708479,0.6720843478250589,0.42087447781139453
0.4774966241804511,0.5661276138206457,0.6280236949089015,0.6961949028813496,0.3789555307709337
0.36284613759222867,0.684324994351255,0.7054785311191729,0.7555132141580863,0.35646175580121586
0.5738308589467427,0.3174824274403317,0.42214460387323977,0.3851514971390254,0.540157194693447
0.4110941406065664,0.6645513326774435,0.699761521356711,0.7868240761979926,0.3504682143017184
0.6979543415337753,0.4401099516417133,0.6137106883101335,0.5198318551376737,0.4179550059336758
0.657878834401267,0.35164572589448817,0.30869862967540695,0.5617348880249706,0.6410104088824385
0.16335514180984315,0.8585592257972041,0.948763133725306,0.9595065171097553,0.27037580168690606
0.2790843994149656,0.5233075298735649,0.6375002449973578,0.5463317080833517,0.42911961297028034
0.6939086486734747,0.5291812032783235,0.5324334467551645,0.5862272988939319,0.5041420074345472
0.4590476632400277,0.37502721027914554,0.5816056174577507,0.4569925953404508,0.4330288377577212
0.6195641722397954,0.5588263006486299,0.6466840827889616,0.5146560177980765,0.5089490727355996
0.37430839378153635,0.4994340864041365,0.5221183036899736,0.43832966595078243,0.5869316765023664
0.617197350149292,0.4242257215778565,0.34059744778482715,0.5540422237806559,0.52060904538045
0.5663637149404864,0.44732104914208504,0.6463556096613781,0.4041223483734272,0.5061072562622133
0.5432469102902153,0.6443351587846853,0.5410288212585139,0.5686270237791257,0.5030370240626664
0.4146008351611359,0.7289693633764057,0.8130327153071903,0.5798566276827143,0.49941503780482854
0.5095335324415956,0.5173738824378011,0.4475473676402187,0.5400626571569328,0.6427136238119564
0.523831297430209,0.36642918123607615,0.3723078049255572,0.4015666400798793,0.4422367747096347
0.5817445232856817,0.4083890375012264,0.5403257399550812,0.5345904813541901,0.42484229862421113
0.40248244083886825,0.3792634142963337,0.438090368233473,0.4177052946890897,0.5808218463203582
0.3009605401306276,0.5418475987335664,0.5786807418889196,0.8273388970854927,0.4543261808960168
0.46594934360087464,0.5797745977417217,0.6900595898600658,0.6295561848528258,0.49210310998999934
0.6400076088500848,0.22761260875320846,0.2757830395925788,0.4650692907122687,0.34546450410530344
0.13460493775995824,0.7870664626750276,0.8433338326358555,0.691562963808481,0.3071099461699171
0.49028964529015207,0.47220568193675355,0.5215659785858108,0.6900202540951779,0.4820218500908348
0.3358089779103413,0.6306304944549191,0.8686787952113528,0.6217066887141909,0.311561554096448
0.42919153141748834,0.4653679206981355,0.5154086069290181,0.5144997314660935,0.5792693323365384
0.6321505060109996,0.3519968640889789,0.4038874659033226,0.431035734930178,0.6144588035994154
0.40324640562259767,0.5493238792982893,0.5811004945899992,0.6649902476413375,0.3738420370602801
0.7861009200928157,0.16072947098000026,0.0,0.5792997970407654,0.7065662745817833
0.606284470079815,0.4403805280880598,0.49265300187191857,0.5084446686918314,0.5753551151275114
0.6773744648423162,0.4081893716310678,0.364115952359912,0.5024569666898003,0.6261032359219115
0.8287063407394689,0.0,0.10434164362760842,0.0,0.7851090438305764
0.29689699659840946,0.5960946837247639,0.5768582108480705,0.6150749461967671,0.5743831523532273
0.6656950729759886,0.241274447527524,0.34369157486481683,0.22788240930747372,0.630074246893672
0.5873295191377697,0.3708011350912215,0.42763750913326126,0.5685256951422283,0.444533751785806
0.36142544906987467,0.5594201401714106,0.5309966984474954,0.45272363849447583,0.5279940311570601
0.1462833746583228,0.7383254949890451,0.787328241418387,0.669130837708049,0.37993675612780126
0.38055789352144664,0.4418920369418317,0.519985017977442,0.5407747306968992,0.5258353755218331
0.7503277359865291,0.2758006222911975,0.3844698712622811,0.4359579834700212,0.5700387950637035
0.5219103487622194,0.4641412143964645,0.30605344862898287,0.591954596690382,0.6059361261086562
0.43159933259756705,0.5579030671423559,0.5111316861151063,0.6562632670687448,0.4636754193780064
0.7170953637892886,0.22402085615104228,0.2747346501919067,0.3449064993413356,0.6193506417372476
0.25402455760791853,0.5664024955146113,0.6262388881049578,0.6618602805978047,0.310330581193408
0.23787416060653913,0.6413096446270091,0.7031367895508758,0.6124845529390087,0.4794943132043646
0.6150544415538065,0.42023800268694167,0.5220598895919014,0.6025617840594907,0.552591239865389
0.5623570221410754,0.4848281088787579,0.442982011514156,0.46443219088716114,0.6840690401363447
0.5059280782063605,0.305859157238691,0.5081421068927882,0.2509846078392855,0.5211621256519055
0.3669584004184559,0.6278866382918908,0.6190746157757018,0.6524516459864081,0.4377254085847454
0.7050648637569598,0.403943928649224,0.35599719316388917,0.4473288937845131,0.7111511426645103
0.36331506287120985,0.5806005661687987,0.4333827123479656,0.591280830696251,0.4650046890037173
0.36541173678500266,0.6674700034727031,0.7575435114482432,0.683822756286246,0.5581693919508627
0.8479953120318057,0.2993359886461288,0.20994371457514116,0.46655798552399885,0.7122324874690924
0.017604951688031195,0.8277570664065744,0.7688258145263849,0.9757639342154641,0.15786626281170224
0.2382417576071211,0.8278525427883442,0.8179377256205822,0.8117426188532451,0.3538051129094516
0.5424544571151005,0.5724463477480708,0.5736729210338972,0.5103206145561592,0.6373460028047022
0.5843503375735271,0.2970125681179001,0.30239763378470624,0.5412478795259217,0.6623566720251852
0.34161668185971994,0.5972495641260512,0.6121971966235411,0.6850011705234027,0.37245024070942045
0.4163698132471162,0.4503567064128653,0.6566702376474924,0.4142598806951267,0.4853435507169045
0.4097244774809535,0.5890245532692043,0.5905738828347689,0.6782749370580486,0.46091234937986963
0.687828196470546,0.3411065818530584,0.368519320181455,0.33120714182459937,0.5368863997028246
0.18871351486678653,0.6739780548344328,0.7363244502986351,0.7341958878265444,0.5512115600963446
0.5714283783158655,0.4875637552498308,0.44995068457354714,0.6499298631729213,0.3162568294290212
0.2658670753740914,0.591832969840721,0.6143841536875395,0.7437869788641328,0.3842198815720179
0.32709040240234916,0.6191428777236012,0.6426831922611921,0.5810257225138922,0.4013749701995566
0.4288928957723975,0.4728816999120079,0.39973308439129085,0.42719658942344024,0.5682653043494181
0.7907493791140409,0.10950693942471944,0.030416313809546833,0.34824120622986793,0.7466275408872195
0.3480147651780018,0.5952547298134211,0.6948613986911505,0.6775747157708364,0.3650478252948101
0.6108430075092587,0.4991007459321713,0.4847896339136963,0.4266266906396144,0.5368175275706181
0.5184486613739291,0.4646402350783409,0.4312293295970881,0.4357258369175191,0.6025964050421021
0.7020921798022922,0.3564839473647852,0.45579332213365414,0.44959061268975026,0.6236714480635419
0.2934140250255702,0.5098066829659177,0.5111695055821659,0.3058934412373145,0.6456608766238201
0.40710578070137193,0.5244935183975965,0.4161654270391187,0.6352799701943117,0.672346358512901
0.5054950539609363,0.46985740361632156,0.4224731149237692,0.619982207485249,0.5254888500207178
0.5150118212884848,0.7986837049724145,0.7981292024683024,0.6733897389354229,0.3035842064135351
0.46301396529078415,0.5832661465571636,0.5772575783548963,0.4699396052212144,0.3222895235963688
0.6303931353309726,0.2541038556365613,0.4064686148949639,0.18964135914850058,0.4971252823605818
0.4573409069286217,0.37641931537506895,0.42592016105483005,0.5537168143779038,0.48629141930691233
0.4962211315204258,0.3728966804551974,0.42280616697834505,0.6825086007976601,0.45369551030365995
0.31821603416622213,0.6499286903221462,0.6746908950684533,0.6950998553574274,0.5244537128153237
0.2523509311334601,0.7015369436624072,0.7376091398060713,0.5793473262834105,0.48933851266827566
0.6279844124626867,0.5260764853058042,0.3915088321446545,0.6876097520576229,0.49683665819683387
0.42364895361431126,0.48827478851030937,0.47107148628327433,0.492657633215567,0.6622718554800728
0.3403157938145198,0.5869516631899937,0.5463182063664053,0.6412129893816584,0.522530577951841
0.6580041122403533,0.3166596958535115,0.3299647692299424,0.3337192603389882,0.6877494613833132
0.4324778679587117,0.70371918646299,0.5748798139778909,0.8584419129950417,0.4185280264369911
0.3403641344034974,0.5069189737618092,0.5212005829653785,0.5806514774643464,0.5155681431647672
0.7224332380568589,0.3425804487376901,0.3258549935298473,0.3990708496206275,0.7198236451763304
0.3360810593305919,0.47154376516891616,0.37704157282060474,0.40148880224466255,0.5776965203655675
0.5169423567251967,0.5210953711930806,0.54982628091114,0.5540482800451139,0.42921217947409707
0.5164838619886641,0.538682754332763,0.6124831475742645,0.660898055447078,0.5101469789965588
0.2915906334914061,0.6819947849288306,0.6797661440503356,0.7775933915627325,0.3777974757344571
0.2193187261747237,0.6089467417788128,0.49559083830701506,0.7647156909628733,0.2620103284026414
0.2989679225678106,0.7068426474538061,0.7464324444563657,0.4485302895575545,0.6610853528650591
0.5021005313697878,0.46376619877409947,0.5390199004704946,0.4553343673689697,0.544215972360115
0.959818776978294,0.0,0.04620134559310911,0.12045071552150788,0.812585845227394
0.4046783745340055,0.608897191542424,0.6541402027898565,0.6598008834406038,0.26534155192606107
0.4498595362365561,0.48218837759715905,0.4742715742674154,0.5311397330589775,0.5061543715584244
0.5439024469270995,0.2295897641139129,0.2516199018211844,0.4443969741502722,0.5490341879055683
0.6255635304681074,0.38598950671444704,0.3460972731362197,0.4976323070507269,0.595184292792263
0.47026726785701906,0.3948172025335808,0.43168579609306557,0.4647404575306852,0.6130777848876234
0.3929804137085623,0.4588657799102118,0.6318446670241569,0.48228280436602167,0.3967028343959155
0.5761736607684891,0.33241992118992253,0.45544926706247496,0.34545271539047046,0.43465052371973995
0.6619748547012241,0.26760815864338244,0.20070506581553632,0.5168586884520201,0.6579945171800567
0.22942826277089437,0.6833459127736691,0.6754089913279115,0.7226005174473394,0.38293801650848247
0.6563304034266776,0.34946095557049,0.3816749794265841,0.4650656924465458,0.5168463041142343
0.44007748312042505,0.3747488350470724,0.4398092327209486,0.5539180517209032,0.42067998267953943
0.38572670146147636,0.49126849592208716,0.48048557762029975,0.4159708157005027,0.48432192617416775
0.4080885356770271,0.3968884940774796,0.45294000795044814,0.6284783712531959,0.39118235013891145
0.70370120369691,0.38262194069956723,0.3381062395593704,0.7003206869200903,0.5194840874859993
0.5326957185957126,0.43723458252409625,0.3462080551145117,0.5366690709349179,0.429364113975392
0.4642012919844858,0.4865294485225319,0.4127391875118767,0.5638559014156613,0.46826698008317424
0.4576803845880518,0.6180713478014349,0.6255883181750065,0.7335332938510934,0.5852228099443615
0.4563447448733547,0.5211877101124636,0.4234903605042413,0.7576542003469128,0.4375266319984535
0.5344329442068194,0.3471409814813087,0.4833491893675506,0.4367008043510276,0.524342541802802
0.6783336680770101,0.4069652684540152,0.41517046784012923,0.35994591536289705,0.6775970404377435
0.5482458752106864,0.37518839571054285,0.4287238012515097,0.5167638957072478,0.6157326229053635
0.0,0.8721818234686544,1.0,1.0,0.0
0.46029379176115054,0.491888332832804,0.4311351979477503,0.5993981504382523,0.7249132334142991
0.2784443846570906,0.7916687238051182,0.8261422392177926,0.6695202451436816,0.1558701154549844
0.8840019129752672,0.03580402440948867,0.2390008098327101,0.2805794703001831,0.6285534065441705
0.409876529264511,0.44304661654175903,0.5102599349501998,0.5559044188605659,0.5397908017808798
0.8657202191295238,0.09018777424402365,0.20287589551931542,0.20831092898123174,0.4248127790983984
0.291423558051383,0.677049178946933,0.7506939582942032,0.6589418759822213,0.5251533070648637
0.3972287692962496,0.5192564145429074,0.5457361363844915,0.544177851360655,0.49311006108555255
0.4567141447520202,0.423998480133837,0.461814698611687,0.4758898194521813,0.35151848803377506
0.5441157108580837,0.46669351783773244,0.5413022758228405,0.5517620826516603,0.4713010171792812
0.19553608686123095,0.6888548521957202,0.89598938330896,0.5628319601480406,0.01347366656345253
0.5480210898352889,0.4225500644794022,0.39696445074655573,0.5239209115150846,0.6016518017220733
0.7698917378599001,0.3885611744874989,0.5532765832964333,0.3510787477237576,0.47329083046253373
0.43536898596672363,0.5750909509333088,0.51316770467717,0.8142798028626768,0.3833878701956931
0.5481426454659736,0.16636180208724344,0.2402249451141467,0.38216787789938733,0.3381619284448517
0.6166705425418304,0.3942658292766514,0.42613282543037656,0.6339993358079371,0.4217981548230149
0.5935645976193754,0.5096184951799375,0.3930362903200357,0.6315675780770933,0.5320124460032314
0.38645637166243724,0.5809729260610991,0.5834716815031462,0.654663826613846,0.4610747676478061
0.3181933158488556,0.4573182873582285,0.6095760164378888,0.784414408812797,0.01495555715768458
0.3776981874998978,0.525936834533522,0.6231925906043141,0.6243481323635616,0.259649902702114
0.5324334292801418,0.25621458058758767,0.4324765703116847,0.375933150482304,0.297478976387173
0.6805435271742974,0.38260918182179143,0.557400406548807,0.47499365774192104,0.392301137022298
0.4873655983105413,0.35179278439044265,0.287351515395065,0.7181781232943163,0.28663216057617424
0.809275296111281,0.0630447098379755,0.11298089240493325,0.15291237089707296,0.4703451231487221
0.47300597039338327,0.3046800439191434,0.37177200597029575,0.4349128341429843,0.4620322274262333
0.8521386007915951,0.23582079647057538,0.27298701693278715,0.43816911702408007,0.6010694143124117
0.5112912862596026,0.22749819809769636,0.2515390129177218,0.41089701727958683,0.5471130782797013
0.3900395265388853,0.6386948187200105,0.7505171539290523,0.5050619056608816,0.37462547867384033
0.654411441418259,0.41868299469653,0.42887573246044397,0.5370698210387288,0.5913175364106577
0.1968129916133597,0.4821426697925197,0.5689455383592488,0.6310647088662561,0.16006762120180917
0.7350430210862878,0.3273838171338237,0.3735774808515478,0.6344472581992353,0.3337548006832355
0.13447182865591528,0.705867120140226,0.8723766248826738,0.9977146404392094,0.07260276531666818
0.852711467762112,0.22151392209725887,0.17191972777170753,0.1715560465186815,1.0
0.6392887857781901,0.287416485512428,0.17917332512213097,0.29235249447981504,0.8435471401642048
0.61837288689861,0.6449953115604646,0.6044404166460006,0.7416406329677427,0.39805095967826126
0.29284124283882096,0.624402704815412,0.5335063384633288,0.5709954237448482,0.5449521349290429
0.26862034183467165,0.45100043706696435,0.7074766518528096,0.5741162999447025,0.11497524554445726
0.09856677259564622,0.934142946787235,0.9985890217759286,0.9855617143033786,0.026654573500163606
1.0,0.0,0.0,0.3696028711013181,0.7274224959875704
0.34586548441480075,0.5091928867369306,0.5918453590718097,0.5969767426512538,0.4030639514617603
0.40273414693616405,0.3325192305397944,0.6397510147167867,0.38014257022280284,0.32577944100770756
0.4489158300696408,0.6172705692320142,0.6191912962311847,0.7073891135513117,0.3605690323507811
0.4087581390094372,0.574800936288102,0.6620138771942632,0.562627456766408,0.4324083065927685
0.7214167695456263,0.22449765383072925,0.1884968018659883,0.3248486261999072,0.6676624242783727
0.36364063756940945,0.43973609793149504,0.6535752356091828,0.6301372948721597,0.22097209229739526
0.557434392176287,0.44172994508114916,0.5806352823862041,0.6720938770040786,0.2951127908307514
0.25736626613327096,0.5665217116424579,0.6604802065136799,0.6841952411562118,0.14166106548651608
0.29492829144596866,0.6990649465326394,0.7600771216570608,0.7681601112687079,0.2593492159231664
0.6709731174212157,0.16392318166760958,0.1822075714783912,0.43764073653720775,0.5967973563026926
0.4108536892473648,0.4342116515265505,0.5456742223076839,0.5750994571270914,0.39988244148711927
0.5742822152346653,0.2928281159686777,0.3080887148737373,0.654783659181874,0.5491859415026866
0.0,0.9223217174106882,0.9636468214472537,1.0,0.0680128988758549
0.5192151889004641,0.4859954152756671,0.595168236178806,0.5570068733773357,0.4007897247200003
0.3351360735235704,0.4328367835551711,0.5003652047740123,0.47450527760966477,0.49745472131092044
0.45251616955001894,0.43416592930397824,0.41510223463839874,0.5011409449995742,0.4903784966118218
0.31515827126851453,0.48497487884907564,0.6763578788242066,0.6324544977579941,0.361098979044159
0.641842818692048,0.09561329891284295,0.01893022779721551,0.5523353903628869,0.55231372315931
0.5731296720629315,0.18960061786217935,0.1455110841381298,0.39157541282865066,0.5709890874785483
0.18504742932641133,0.5606411830357958,0.7144941565865262,0.7116698240542914,0.2452661889591254
0.026743105814040494,0.8033336512319307,0.8590822768694857,0.7132518489290606,0.22961228275859444
0.5573138537662504,0.3751140710511081,0.5137488333548881,0.517445072277294,0.6084684324090199
0.6612338571260818,0.30446112946685183,0.29494393300137894,0.45759839660099294,0.6652959288351623
0.3113654201204448,0.5722352108906348,0.8056944179480295,0.6030602776948375,0.20188755969940697
0.559691984783118,0.1180913272928105,0.16128982719940801,0.5248311401906508,0.48517736424118396
0.48204036880180345,0.37454112330074213,0.3610019287419305,0.545591032203834,0.48144497420818705
0.5152171527114768,0.3284279486195922,0.247730335190271,0.4211036769054149,0.5116835569154305
0.5046261953832205,0.16167013019206122,0.36037060822325695,0.4917434170841392,0.4358688696454525
0.555652657625849,0.3085552874498577,0.4956359940779216,0.2784056590433966,0.6242578178633085
0.2744092354459359,0.5963194363986126,0.7261347312312285,0.5653100508639545,0.49180186808472054
0.2179296026053593,0.5695909316762486,0.6185787100585475,0.6304698650675807,0.3681866293610057
0.4748414197741668,0.35207044950259864,0.3184093278658611,0.5171618837537953,0.7436270794981436
0.5209429348586446,0.49018574181387115,0.5576715718253464,0.6505340854532808,0.3622990634949102
0.29132923474014977,0.44913782587773,0.5770824220721262,0.527010940392959,0.546051194528777
0.36396297658991156,0.537138345408264,0.7090255894146664,0.49191713181467595,0.34908909047587827
0.5415006628941479,0.2580599824453291,0.4951465655841392,0.4512233849958615,0.2894257560795376
0.8128481215536703,0.0,0.033219028964598975,0.08768972712298333,1.0
0.21065284599762646,0.4994808069076448,0.5775770069232836,0.7259198892058019,0.3257589539781951
0.6908600900399116,0.36133426223531356,0.4207830823714021,0.42738751095385047,0.6350167025220901
0.2324545293974815,0.5368156484677375,0.6276883878587689,0.5346112002066044,0.5515253563030739
0.24972827528862707,0.6970058239705084,0.6901795637798335,0.6888767319481576,0.5381527492575306
0.22466991412610593,0.6966533624468971,0.902681739085508,0.7801549045261769,0.18647976090386595
0.6188661837890899,0.4088473949501519,0.4359847851026745,0.4777733832665465,0.6797633405509844
0.5330785513599692,0.191307332930072,0.13080090098750727,0.4775954244653321,0.6159706817039291
0.7477750144451958,0.0,0.22350061308987734,0.38943692684645415,0.5299172613932341
0.8075160055607549,0.025045144387069757,0.17498270129247742,0.405034892386042,0.4483241159445246
0.7934915396009886,0.14834833884369344,0.1957320540775142,0.44238986639932076,0.8864852147120764
0.660650864128461,0.2882945647786607,0.3849436330179191,0.5741913017964777,0.6510491949686814
0.5413651007752704,0.574162569776589,0.5489210938914203,0.7147215695999432,0.719770222874628
0.6179291834429337,0.32527331336911935,0.5035839181722159,0.42278172420825,0.7286636820054145
0.2247691519000394,0.3172459864444497,0.5023857735109981,0.5292991458909871,0.4406188224577059
0.5233889563839813,0.06353734716202779,0.43348803748670883,0.31007811103954397,0.6778050409246809
0.7092668356818815,0.0447534111859451,0.2874325276012583,0.24935104224635776,0.5508329201110025
0.3481460506130562,0.5414823497754653,0.3986624055507383,1.0,0.39348571596462095
0.3770247047289783,0.5521761893263814,0.6909129314294188,0.6533149059312297,0.28935515967530684
0.5120724916873864,0.16313883207390584,0.3924569788812857,0.4267485990457357,0.5323111252060361
0.561336236051757,0.582643315409694,0.6497609025097467,0.5693389986749335,0.5330877566076792
0.5785609852005313,0.4810788357490245,0.5054403420277402,0.5641261871407662,0.6132387242698171
0.3694713026604196,0.48601058558110355,0.6594670467206556,0.69610807874386,0.3313212013937811
0.13657035031644266,0.528781931720397,0.6827671123459322,0.6833246524286777,0.29989075043291535
0.3177915808282194,0.5281742692006925,0.7022850598409782,0.6039726537116892,0.6171108874877214
0.7632528321259624,0.24462801826863304,0.30008129016610524,0.41582950181665773,0.7484363698216895
0.4523329219149081,0.26097807742355406,0.48138571100385125,0.5260330950241624,0.32173114068837216
0.41477915911412383,0.3481389538493705,0.5727273547415695,0.5258829750943659,0.39844154765081
0.22902224254341302,0.6127567718174227,0.809288429067918,0.6634403203959323,0.4661395851568542
0.02758695901709322,0.6283424770904427,0.7241702453057973,0.7470078521183985,0.39730177626060537
0.41426825114637156,0.41059336986220013,0.5863572078956818,0.744044554690336,0.4023266925952912
0.4248261907906025,0.45443202086218026,0.5257124165631056,0.47159144588185026,0.5813128464117704
0.634973676986695,0.19512173335062763,0.4113978046790421,0.35885116507942044,0.4533062807275548
0.2722864143529614,0.6595048477797633,0.7335155073563248,0.7028757188862935,0.4170009919332031
0.25112548983797717,0.6447962237797791,0.6700616290677325,0.8159026800081718,0.2942823617493345
0.39130952034824557,0.3569648069382657,0.5147680448441927,0.7038745811189357,0.4492418501601686
0.5945095971441292,0.08843392506401837,0.2876859221712296,0.5418469315084185,0.37819424974696353
0.4881908091535729,0.32350811485670977,0.45138655278374795,0.6511893895546255,0.6183403168225505
0.8287148184482793,0.14516459476297638,0.289583575836621,0.5067142374406194,0.5702347238534181
0.7762754005792898,0.24791835528210523,0.28760246016676,0.3684247642566467,0.6805616501989096
0.37872653926771105,0.523836822609844,0.6979977514130894,0.5632317290233723,0.241166334027864
0.2865586303468415,0.5361310152086978,0.5338012797930063,0.7425885921234061,0.6776198145663256
0.7068603313370205,0.06920756975744315,0.16401261328539316,0.277352637643013,0.795989477532034
0.34777760133139646,0.3890755029998096,0.4794158689342118,0.6469548651703919,0.5589702894054629
0.3870724762441821,0.8164603656077016,1.0,0.9349536251795244,0.3093884556917511
0.2375145331235272,0.6381290931412119,0.9259096488997689,0.8538090648170354,0.23965495068010245
0.4379083347932652,0.45380384852588856,0.4273570396678546,0.6374822939347384,0.4580624369051769
0.4179868359632267,0.5292522409139445,0.5893612443365701,0.8249775600949938,0.40691911402724895
0.39273871802740207,0.3701097669841519,0.338493842256679,0.6983280652372397,0.5950136927286499
0.44773900351336354,0.23806393319833766,0.25887017143527685,0.525397902074845,0.6589281941237439
0.5771809935604247,0.13654432966586266,0.277049511590993,0.4602010175896348,0.7002788736924143
0.5720997488112053,0.3592198035402529,0.4854722147129487,0.6115590101916135,0.47688276771133525
0.37728430144668595,0.19127597935616047,0.4013652707957151,0.6436551030908495,0.5382963794598512
0.4202151042406914,0.3334427129474619,0.3982137453957632,0.5817404727992654,0.6724422166854179
0.4386049024294483,0.3065625379924602,0.536779663564976,0.5805423379831697,0.34987012246118504
0.2875993980003626,0.3363388800601791,0.5031686828770116,0.7055046887513929,0.3739490687266779
0.1502417094509835,0.7453959797444843,0.9125447368548053,1.0,0.2034591405550029
0.43656310021319633,0.38331046974150684,0.38059712299875254,0.6857048328679392,0.4035648904092907
0.1300569869474088,0.6126125563636297,0.9603220114192986,0.6541205281860325,0.0
0.7087838143586427,0.09143853496840705,0.06699217046051778,0.3621049080789344,0.738349661927959
0.1871082620554791,0.838164058104064,1.0,0.9251730582446566,0.0
0.5331846609987099,0.27254258302077555,0.5020959102647595,0.46770186500053884,0.4657072818779367
0.5423160368582388,0.585836804945067,0.7446597977175786,0.6950198752936952,0.3384663874842282
0.34043092727212454,0.29004164176800795,0.4488549444730814,0.6850879075689796,0.24275826091897765
0.2878938798916563,0.4570480411143223,0.6422485730910846,0.67065516426369,0.16656443324291906
0.5288473050320968,0.36026608716056285,0.41963157625938596,0.5239373682941287,0.7689524065463239
0.7568670300772764,0.3727558008869817,0.34719986810238523,0.4407244337040422,1.0
0.4505686250889239,0.41436784728687565,0.6172469976860673,0.667181477457646,0.3970065554814227
0.3284129201338801,0.3803028183247961,0.599773780073231,0.6573321189562122,0.4151964625976119
0.28746717966906987,0.667118668077933,0.8147186123392098,0.8626843761379427,0.24966579306267064
0.334472634978189,0.5084143735813522,0.5956847629165302,0.6276437596817638,0.7834624031504935
0.2782725789975554,0.7396389378836806,1.0,1.0,0.27862222229240946
0.7808852133456173,0.06085996645782483,0.16712453894932497,0.22097652329530562,1.0
0.2597149262976499,0.5799021407127666,0.7291186354388575,0.8120518124135708,0.42969999619002136
0.23311368520445802,0.5008935774225375,0.7103025751909345,0.8111741645673874,0.30864102146058287
0.02476243660644006,0.4485786783707929,0.7614540549545589,0.880297424197055,0.0
0.4402988750778776,0.39247498285373267,0.5629257533911534,0.7425980716799723,0.44318281297759404
0.49968806705061863,0.29506757096573794,0.4848747071139083,0.5555582119874184,0.2848965400623939
0.24193313315527537,0.8071287659457668,0.9391328118270957,0.7912549259342845,0.4549563098761945
0.39218888194931617,0.6456904311452003,0.8043872553062005,0.8291604577441671,0.2954801609427156
0.45476789905390036,0.3428204883920438,0.5430193996814408,0.7819592822318213,0.29705396044757004
0.7521058561780142,0.1433936642296224,0.20208398008341827,0.6308329625231086,0.6302683622594943
0.6247848585610827,0.3998513184301915,0.5282592782237149,0.7147598737629186,0.2310933627722072
0.44777887602724165,0.41158891965994576,0.6314299531980173,0.7117408959983674,0.33813677413185755
0.3243965158282223,0.32163194455528,0.4779237306311583,0.7737202467463247,0.16712188434984587
0.27955603037096943,0.4202135257466588,0.6760856638920222,0.8582526082968561,0.3693504089063759
0.5749852054547697,0.28206132431829695,0.5448583647002919,0.5553798922411481,0.3620343102707908
1.0,0.0,0.15085194702389335,0.0,0.9695019749497739
0.3930178596845704,0.6162668009114104,0.7601812362821122,0.7595597756219183,0.48060996040640935
0.3883425096227513,0.4175081936662921,0.6096673629443616,0.8622737112208643,0.0
0.0,1.0,0.9605479034336941,1.0,0.40821378739953496
0.00921549210957505,0.37490808457723374,0.47395815231655364,0.8141806018867296,0.18472907589018037
0.23821085491385352,0.4481185244739633,0.647754303111454,0.8807381319309315,0.16057489646839757
0.6485395999007989,0.26736783003754516,0.41992714807182474,0.6696441575835911,0.4084603285271777
0.8398164221150529,0.21972394250365823,0.494651347812289,0.3265591392597432,0.4790263687517724
0.4554110875273218,0.28287114789278056,0.21806294292263032,0.5054233659026202,0.3991380257146739
0.5504661588997519,0.37996127526219603,0.5859268726592632,0.3372938821747866,0.6659648294477071
0.2550952627419254,0.3795622658952241,0.6385422097209115,0.6611394190447251,0.4501858273056338
0.17383354065007112,0.5180983649336381,0.6653172080649035,0.48126268563738034,0.5146687329021982
0.444318896879654,0.5397964421515841,0.7576672766285074,0.7776505912384496,0.2648838552119385
0.3893076826211744,0.36960525776551834,0.5079193351817709,0.63517943355372,0.5612310051277264
0.25443723587786976,0.4801732897866724,0.8067467534998105,0.36409648966127856,0.41330102305034855
0.6718743806558105,0.20145896546732026,0.3492227911230624,0.36204095272669395,0.8634561041957687
0.7542862850590325,0.2579733668822243,0.4256885773120274,0.5219237534238029,0.5903668031486287
0.14836027743751445,0.4878958845002949,0.5216422650818994,1.0,0.34274270152675806
0.6435494365476355,0.1333383154186509,0.42772720194228675,0.0,0.5881329600874258
0.3542707387994893,0.20570414836330284,0.43207506828763603,0.4714515619631853,0.3788388471205383
0.4224011066390752,0.443091467778829,0.628547176307329,0.8150272533764121,0.422077097423719
0.7350307440206887,0.06514285568995226,0.19528817769959242,0.16142652936458898,0.5744070396325515
0.6504589314509385,0.42932818730094957,0.5283613637924021,0.5714555636205083,0.2672863051814862
0.44987984717579416,0.39551072447067004,0.4896063129108837,0.772385332279593,0.6565662963501898
0.5969958212975749,0.23105217309312293,0.2411918966862999,0.23580344724650576,1.0
0.4718389247024883,0.38005843438492637,0.49086122803153553,0.5602545338447663,0.44363744092470375
0.44536487634376276,0.4409671094477269,0.5703036998859428,0.31396508083884445,0.6168956525696097
0.6175065231716023,0.08739913176336933,0.3917330261541019,0.0,0.9707317157025249
0.48228705855145404,0.37594399279536256,0.5243272283334495,0.4518571670248816,0.709877012785592
0.5164216136196988,0.2390351529831993,0.35363401666682587,0.5730389851234116,0.711140968607972
0.7497149852031695,0.32713452852036695,0.4027804083648378,0.02144183465349665,0.8313826136318911
1.0,0.32335325119666153,0.49451426535461523,0.5507202124999733,0.5184021004182922
0.9322014342796109,0.20289555768240003,0.36998701693890185,0.0,1.0
0.5643346688056396,0.2634915165022143,0.2898384934938378,0.6319106411473351,0.7687316123471378
0.7199280058644666,0.12186727695674679,0.2605083609249477,0.1514253683280513,0.7071252418199205
0.31724278859590893,0.373493715631565,0.653475945589121,0.35907703811126224,0.4248423981837364
0.0,1.0,1.0,0.9192543370072942,0.0
0.8700071421802739,0.07251144397682631,0.26696860872097244,0.0,1.0
1.0,0.0,0.0,0.0,1.0
0.11236776687074451,0.0,0.0,0.23797974277506018,0.0
