0.24776787888659402,0.45049535931723583,0.6394753516521442,0.9484174260659353,0.11110064808059539
0.764285759448802,0.013501999714176538,0.45028232730134476,0.3305955090836272,0.4251526222722043
0.8452618079612931,0.04748165772800339,0.9129358789704776,0.4884982024595368,0.394392115858082
0.10571761419685921,0.12305964464909847,0.2654294412985303,0.3598881865447585,0.9199860196744573
0.3346323462192299,0.5216305863261474,0.6513596679951617,0.11334633948922279,0.5487600118000617
0.9051251753786252,0.7522365149346757,0.3021941295983881,0.7899821768135546,0.8462321782006318
0.2545987164269794,0.6199013361501313,0.8239419533336767,0.7447324060771014,0.4491733786008639
0.03825061091260662,0.25809754884952574,0.9405686431141036,0.5863737015068596,0.5069272159669032
0.3382920322684343,0.5108938959679662,0.3404868606203495,0.7530886170141357,0.6844358126550678
0.7485816096494917,0.4987622935933973,0.048548594063622885,0.4850690667701272,0.04822337865792847
0.1188437733206128,0.5810597269673966,0.8397301034111189,0.1904932961490099,0.22783212999557512
0.7748255371757063,0.777684321372335,0.24608567916286328,0.3901194635050257,0.9409282318645035
0.4335091151922923,0.3224572770403825,0.7244903700816815,0.684634278300737,0.2863711227176068
0.8377870344171179,0.5673429788381908,0.14139359525848705,0.6001300763078172,0.2322955832498853
0.1855504947268498,0.34516774425687813,0.647966263516589,0.7588004607272595,0.3478214728676571
0.11575906865390939,0.012637063065859322,0.47473868936145225,0.049366834647555646,0.7770583742685567
0.38687092890141894,0.8556259555514322,0.6677946849110888,0.5858306005366608,0.703504026410981
0.6928279686833468,0.6156956166953659,0.32581374831098886,0.8935361438753856,0.7150076330039524
0.398009880781916,0.8069462211988341,0.8790585508554133,0.5377784294569155,0.1576934078657687
0.1814232763884347,0.8700122414360135,0.6900528136494766,0.3581599351556203,0.348689801644259
0.07762190222214671,0.2995990635592094,0.7348019505021504,0.985834327460576,0.6946047013917516
0.9305545901601626,0.630868233255102,0.039982744646519075,0.06160854887255829,0.28209739493106956
0.5405142633595214,0.34642924371726247,0.7915577300363998,0.6532182400972769,0.5734970987322063
0.9591263316279711,0.7201530714580323,0.8223595448844562,0.7539310701988265,0.7643781411094273
0.8305008347606695,0.7025672401076954,0.004216187314319719,0.7720560487600517,0.7824116527568694
0.5470277919428687,0.8917184271492868,0.037925599726047254,0.6091857339944284,0.10151429983008187
0.7000316064825466,0.7967644918863377,0.6007430198566941,0.9832666486309505,0.49651636738022653
0.0347865368078254,0.20871417138544401,0.40851208592156196,0.13547241629946283,0.7437324716345293
0.3731568411325059,0.6590292626708718,0.7865508844853323,0.2414187734945652,0.16464422123299116
0.4017110918614256,0.2230096569778448,0.6107933798366838,0.39366037671308485,0.5156148981351469
0.2969574244499168,0.11398159054886536,0.06802432280537996,0.7896849814054002,0.5270777775834291
0.7159490975538795,0.44862334411820237,0.774557632908069,0.03707115089012669,0.49484055406438676
0.7920481194010057,0.4051147142095898,0.99371676184209,0.7166545847598219,0.34486680868925623
0.3780322188285282,0.5725194372927821,0.848092146503283,0.31517898445311865,0.5343882655014965
0.7456626536621718,0.6844377767372147,0.5987752823517904,0.330530525717585,0.29515792651680206
0.8852889357276572,0.12057510802833471,0.5607422580315065,0.4636024472679148,0.5592272590974817
0.3442826707446811,0.8268493902182725,0.5580235850823744,0.5454388690129706,0.1887396130990554
0.3520172371861586,0.36026326924719687,0.3213069401310432,0.4960607612949022,0.9807711945190758
0.6202890616632095,0.842914432325073,0.8477438875252669,0.9854429292661854,0.4565994618328706
0.01762718209481795,0.10496354261439989,0.03526830464171471,0.8122990047357028,0.1192514854216492
0.12022850789876605,0.7613591751545817,0.8239596879107971,0.4929272202068793,0.9248666293022787
0.20695419891719358,0.10024490392749841,0.331770257115521,0.7821582606380901,0.32875131659718737
0.46493613957687374,0.49715770060431264,0.7815317286052756,0.8928872776359787,0.8809448554702273
0.6270051167462315,0.591033283394372,0.12080012479599567,0.9149053195052098,0.149346661874444
0.40339225441133497,0.5379333622726705,0.821532875817786,0.9153436905638104,0.8705798404460119
0.25274492644249547,0.5009967334698274,0.29903596566401613,0.9648244683461319,0.5045269555005735
0.16942976295062617,0.4578598466967314,0.5068644538988921,0.9765251269277326,0.6334716378990862
0.895805981721861,0.8933388232435219,0.23170765775778923,0.39924635087230187,0.5636779573633584
0.9081734679284437,0.21118546449451225,0.6894389399696095,0.14591969644960556,0.0486238858961513
0.6776471792985617,0.5820844700253692,0.23919594904397223,0.4948394462597764,0.8973454195197887
0.3147606554246246,0.8231014521453323,0.3045668125256048,0.2908385101646348,0.5425514497680258
0.826089131609422,0.6111459272365044,0.0036578904260637923,0.9585220467140927,0.9029005234658442
0.657518559638947,0.46220791543386297,0.45495575298061464,0.6722436201889221,0.8349496860533929
0.24161829253857003,0.11625189696462523,0.4106976636611259,0.423522528957461,0.4035343010896064
0.8943457408029531,0.31389621353641284,0.2121042590737725,0.6898989396246145,0.026783667841608794
0.41921165986748166,0.06702788474063348,0.8326489300041655,0.3075265485531089,0.8632783573505887
0.5458736356201165,0.6851446290686164,0.496021136577134,0.013520354310203264,0.7523912058118338
0.7268273406772514,0.5704652497133524,0.857032016227552,0.31657909862340683,0.18115994913533584
0.19918096551831854,0.32290981755461223,0.7085992817287706,0.5048097830311675,0.4222317163044418
0.9860063445543867,0.08775703192933337,0.3118027267210963,0.5764904926760114,0.01784834817357195
0.7466517638763759,0.033511197644486734,0.16889094775130986,0.7126171925791488,0.4001606202358684
0.28075887075160677,0.8709472520525592,0.7960829655441198,0.5877365449598528,0.28236291651831746
0.7349141738502022,0.31265269899562564,0.23888823473270748,0.19047313250667697,0.7676673387443484
0.24613926457501123,0.6417996703554381,0.21881360418776075,0.9960891413859891,0.2623734603132528
0.0017655610175191239,0.9074871500631284,0.890250069192301,0.17567186628243292,0.48119678984138003
0.4116069683284189,0.5959916205894008,0.6205721291066059,0.9093778274215909,0.7825028585101416
0.3836962204679577,0.9084146185406168,0.40796751251257835,0.6775520758216418,0.2752206700078704
0.9998057391226022,0.8900088393956257,0.8834165316285272,0.3340492983760295,0.553503378434215
0.2773749280148372,0.08504460232728805,0.2438346945371218,0.5338928411061609,0.604994219116329
0.2525733214060384,0.987850268686082,0.4260304464534461,0.45123967275667964,0.5641442382248258
0.35650905323739523,0.9189561206325643,0.7506670923519663,0.869125932422543,0.06458949751496867
0.22794160957136378,0.7944547973865285,0.9225605653780989,0.9539647507385884,0.08525013177625052
0.3512663740702112,0.6487459938938946,0.029084893458853456,0.14370224996394299,0.9652517881056311
0.48823023010725697,0.9925133656307783,0.31620543408547896,0.7208129979995075,0.43790995407351907
0.9139653922152104,0.21373158497270395,0.9662710412798934,0.5518641230788144,0.49319510838852665
0.339714225802609,0.8766887085397671,0.5823759358341594,0.7077537512447113,0.9302476352365991
0.5635494640303136,0.48775323397198855,0.9827582928832322,0.8022162578853693,0.7128511623595225
0.008024824808510522,0.6241566980164235,0.5993423053608075,0.6322370970125528,0.680445794932512
0.9036763294180366,0.34297672561462067,0.8172339582763094,0.8352409608539323,0.24650187511785826
0.7017221675877812,0.813313282598692,0.09406066939186675,0.39904019375732036,0.8976441955314718
0.3697019849938623,0.4664179648312161,0.7399583304515628,0.19441200409496062,0.08893048875166198
0.0748761034830675,0.0842444230618099,0.8274601355867867,0.9514160147858663,0.4362193392339526
0.34581142250277797,0.1521036363413063,0.846234183756489,0.6517387084197105,0.377115278260833
0.49825199527344444,0.12566589542890527,0.07238959616184093,0.2892694166997344,0.39310431063976436
0.582881350500203,0.7521818393087497,0.9171027739356599,0.9911133526683163,0.6023712574537498
0.9209937761837264,0.9539076485441949,0.33595955870832706,0.11626829065226962,0.5924470760992578
0.16731524648518936,0.999920025147343,0.5406217709375396,0.30550688419541083,0.3067558375363112
0.9959277918924498,0.2956084248499842,0.36942450388128967,0.25590420131268665,0.6132824327590781
0.8474511730455581,0.9232825591460534,0.5772114900904644,0.4448644872328905,0.9042389116301894
0.677851491197184,0.8758599400580761,0.42828642868466427,0.39775997181459966,0.668843315501023
0.7724539764937608,0.21101790529186315,0.07453853013390976,0.8665068161330458,0.04011493674477051
0.5709306334160059,0.010616052000328224,0.39215750903931623,0.9288901806909788,0.5880310555268924
0.7340376427214196,0.20258658409118824,0.5579476238675606,0.012928359737001793,0.42202951174824843
0.5568179719746208,0.9062217572430517,0.3257438194716946,0.3020782413997841,0.22877469937269446
0.1312494197413041,0.8222087465208148,0.3922604657931279,0.01678856575791121,0.7945260941879474
0.4954028694738072,0.5976918865371578,0.8996191182397044,0.42055653376469604,0.6275199833262274
0.40565335682815606,0.8940921431909676,0.19284085145418994,0.5432471027261127,0.8594643655475916
0.7983563365622738,0.4266106896911369,0.2353272475512902,0.10620176638200884,0.6392090475824611
0.907389011470614,0.5007404716293195,0.8636052900803173,0.9522867982151264,0.2096029522127547
0.36293019409320726,0.4643074702354839,0.5165083790634615,0.6483620749320429,0.6924128849509688
0.32597621635450247,0.8263546089647138,0.4383596244904533,0.8960445967428844,0.8986196876979801
0.37775712146766016,0.8781449656776206,0.7687671328600145,0.3989591407394305,0.578006645472221
0.7111694697605344,0.5813272366611933,0.7412881441345371,0.5040208358125012,0.1187621759972074
0.8930463182945007,0.48863132733916514,0.3442696562398124,0.5764483308375574,0.7656127045681822
0.2879993438392824,0.3568434291282153,0.030515794165403842,0.7501101233281123,0.2449718508237435
0.9277088021931507,0.008097287835664546,0.5792942248554351,0.6386629584552825,0.274314520658547
0.19726079276098007,0.6637709439543767,0.12708168571957856,0.5678475777576031,0.388083768894385
0.2038192376943112,0.5503386407388665,0.9706287859474161,0.5631572544401418,0.6330936832012644
0.703358066692027,0.01556559669911528,0.7875448323620104,0.315312652944601,0.16395610041548592
0.29910996175138793,0.47825949993966754,0.28932656579526816,0.30833075979023106,0.21136195378629896
0.07366807491904648,0.6110484553472754,0.3196538044189069,0.9631272264539493,0.5462588598407049
0.05894636702177469,0.12037078016505653,0.9040005520975247,0.6414845903256147,0.3633749208516053
0.658685294148058,0.7267429395781004,0.6235809283195928,0.8537803311366371,0.30320830548525646
0.29607817740436504,0.7004752136515138,0.4240876257374304,0.6063157717057783,0.6730660801297881
0.22975933623209532,0.7403354740389426,0.19916060468174046,0.17457912262981345,0.03220414706061592
0.7762796874624285,0.24704866213236942,0.7466456513576832,0.3937872069078304,0.42236596642846314
0.5237390904561073,0.04983523565055381,0.5048399784394427,0.8123140865537695,0.9577505215716751
0.9347669778432807,0.11632584824747738,0.6873531037859087,0.0023714941023891267,0.7657250213065281
0.895682379145388,0.4401442115761054,0.3414271775863189,0.22824675955731077,0.618036989785225
0.05997423520952505,0.2314363255759645,0.3003106368051791,0.7695490618859511,0.45162642085794713
0.1726998567767597,0.5163335857588397,0.7992086621434942,0.27429319197836033,0.2856499677454809
0.5705473142873125,0.6352049933431634,0.8579825720175606,0.6978603002457839,0.3936437852066855
0.7370531775153351,0.3954177035945562,0.02129052814872534,0.4035325254654266,0.18061721920688822
0.09622799320018716,0.8528414850668022,0.5418812649606431,0.46716360395078316,0.21162563738087892
0.3749513842112877,0.7749424129380619,0.019663508860354173,0.1669545144415111,0.33521583254279086
0.5199530311878642,0.6733757923863118,0.6411042130938224,0.0685575125341844,0.781312340420572
0.8949720151501043,0.8272277103339188,0.1001232334373332,0.21185789380278663,0.03910053102858724
0.004815227184945314,0.2352837216221767,0.14964124632612796,0.10791041927471867,0.594793696271408
0.33487183408989185,0.9581282189461103,0.6490031995135415,0.3563828482436431,0.08899604702024677
0.3547625047297831,0.3034885508884124,0.15883895739674458,0.4956181170856485,0.22382318420409664
0.6427792518394335,0.37766923250727746,0.5301069262071556,0.8989009782724726,0.7760340723034643
0.15869425064895448,0.0038796432493872768,0.9097635069548603,0.2734723753818433,0.01930595608526864
0.51896077373044,0.7514395915982671,0.012333679063633363,0.9540066405324148,0.18482073612528083
0.5632029585564241,0.9588298386872955,0.11336892849515434,0.878206407304476,0.27581397915225503
0.8686482883146962,0.3955278421369359,0.05682557117211928,0.5061481914939676,0.21669295163828006
0.8270163827923787,0.31814884677734057,0.7534693591408635,0.43503512444857395,0.36931861556563517
0.09521535775321743,0.7648575702926926,0.3477517485405146,0.7507061352742177,0.42232627333282
0.4920709409940872,0.7631790487565397,0.804810355652346,0.6942908952622401,0.817617592615092
0.9181998766509258,0.015597291262906543,0.7759928902923191,0.5751987261603381,0.4045144093292017
0.18381476463475144,0.45901513302523766,0.25331743708142396,0.27466526084454357,0.6401609702275354
0.3205574251402128,0.9117936987645728,0.18141087897326968,0.952161988917766,0.4633883702283813
0.6476559369658014,0.3213075922399897,0.22053268009187454,0.4061395017739079,0.8172321426158337
0.21457603502980138,0.00350753360076983,0.05697343279348743,0.668001028091743,0.44506738822187253
0.009616698539802182,0.28445696445663204,0.7211049184652922,0.7211567011059861,0.9429306747085217
0.12230557150215238,0.3083806262400669,0.8403123154822814,0.9165101086674298,0.8919221306625991
0.7578157879188175,0.5617427012090763,0.5069382614876317,0.32811696270073254,0.2934170756126
0.3888098729533419,0.6580790215201225,0.21184249682207235,0.17948020623306504,0.299178745457639
0.20217906106299688,0.49154467962364423,0.8882459346118229,0.9415374361032403,0.31840151586753707
0.20367343493793566,0.3792666881728032,0.7246878595659665,0.22449959915899942,0.34457854497138496
0.20110610925224637,0.6346126353050666,0.5148909885282376,0.491658567946443,0.7271643761929464
0.45135939532703484,0.2846455109028314,0.6693607884172669,0.1677620529025633,0.8897833258740515
0.15646792721542535,0.6909604443118564,0.1388678669397021,0.4647823203022524,0.13951739767925908
0.5039324846359466,0.31409651691513796,0.6836563768318287,0.11921033233567213,0.3826045866890998
0.1780535971826409,0.6372850601006764,0.9142959218157058,0.8349958533602988,0.4337919286741976
0.23990841143693742,0.3448394948173361,0.8418388385319534,0.7931829978625091,0.45516798940590586
0.19324928270247943,0.9926915214202581,0.1463678290320044,0.41209561461722777,0.47209415059586946
0.12053196773069741,0.43811275249941184,0.12073490212571081,0.6958903186198699,0.4553762481122374
0.8660206539495262,0.02270283023380959,0.10584872268478707,0.4420528345185195,0.20886499429107797
0.6881598911986461,0.3775352960810552,0.043466607221711584,0.38445729366309955,0.4742586545571691
0.9372910979776347,0.9175139332700928,0.5447651899148361,0.2550699591517799,0.6020751738271681
0.08398956285686388,0.3382292481614081,0.38209695552942613,0.31271239999764333,0.481122375784485
0.811868842315481,0.3575259587888683,0.4350225756508571,0.7916762471651432,0.44670591336930077
0.7623612955207392,0.9162217767967928,0.681580247206312,0.27573067524802597,0.8475965256402617
0.7610378494161457,0.3918686347533963,0.7585811288437555,0.9944102177637774,0.20037682215785912
0.36933719213722194,0.6543136998121111,0.5995497062105796,0.6034588350688663,0.3857022184908959
0.15530893388440814,0.7135450270219291,0.18284227638803652,0.4751432195403218,0.30790285827027697
0.629667061183956,0.07462626585255805,0.9368269163382698,0.34902172286522226,0.4925186270072408
0.5646389083735049,0.3216022595350947,0.37294407947536856,0.1349730078466308,0.5431487073094665
0.17566746698491886,0.13268875960667592,0.9557032268344103,0.5436505883762887,0.9779156819082231
0.24268217719301088,0.4475132926591938,0.18013075681994806,0.8340913727172786,0.5890786751738654
0.26957693620563616,0.6629127008723527,0.1792552505020838,0.46104123511000084,0.21158675045631825
0.3840031636158896,0.3282145442497729,0.27160391608049617,0.7270934573560836,0.7875590029261189
0.5437423132693533,0.08760365616537269,0.24467604422810052,0.4072921422673351,0.9423220268052397
0.990546368457244,0.7449236580190335,0.42191077678684596,0.3078426768947147,0.14069245501216676
0.5878126740770983,0.046093880921336594,0.7600867570286933,0.8423465911687386,0.8717490353380578
0.03778489108190752,0.5003781963900872,0.9380616018401007,0.3553096041040926,0.07030008604775095
0.1303415290590776,0.008646197993323668,0.6362425934996463,0.7174244980631862,0.7788256934551088
0.13914470435180692,0.8862578218992166,0.5151215030616519,0.334973536440452,0.7111072403301322
0.004145496324927667,0.9180330522946406,0.9689912430853098,0.06254292276626905,0.12538307708707186
0.5419531808336184,0.6450578986146767,0.9678072520594743,0.31472952228594586,0.9431281181751995
0.7121619632928312,0.6420521063611796,0.4142160896323539,0.6666643706766087,0.6236030551636693
0.06113797771617069,0.3579707368807554,0.3432369773304219,0.7847045457178126,0.2256252487667334
0.7244648541576763,0.12562990877475477,0.8828077954291311,0.798165436526973,0.8825722636800513
0.49538478805498676,0.49942899061295865,0.5835444503229605,0.38253785597769396,0.6533414952901626
0.7536191000081205,0.5624202642579976,0.85309421018772,0.1694359679798163,0.7602277293818778
0.8748099389188122,0.7817926357948658,0.34896778082321533,0.20554522214119542,0.7343674037717703
0.9100717438928815,0.7617348906902035,0.9104714062747373,0.9597702409695058,0.290863045393566
0.68434600117006,0.8659829458953225,0.7692373433613628,0.10552958382765465,0.9646014546541046
0.2087394816531679,0.3078321492398295,0.04059602367991433,0.3504989926328439,0.789772900608867
0.6572714587085785,0.6608011894902175,0.11361840919611677,0.4598514248671771,0.9622357502639068
0.6966477511984588,0.5753816128357747,0.1644763174951479,0.5473170924004414,0.4836380311224947
0.6387577244397655,0.6361248180356875,0.11179348679133172,0.7393688823819703,0.25608258523343064
0.43839383901994633,0.17719553662061938,0.5618384223967383,0.77199823770163,0.40718060318309846
0.6689784334892548,0.6447481501521329,0.8760510237103498,0.8697215988947825,0.041872876155610306
0.13940558405600623,0.19963094856222707,0.07210562246150876,0.8677694808401873,0.899326905415227
0.9974785964926965,0.1831589185004302,0.6909684984461996,0.22088767560132905,0.6309726440735693
0.8004032475144041,0.2517191430463396,0.4205878059424022,0.3001343270716037,0.4218833735666203
0.3594159245996229,0.9419042390896493,0.43559465295145294,0.5557778469900293,0.7338236162982792
0.9239313946005291,0.16597083652318867,0.7477034503721415,0.25415122754260744,0.14802143240005794
0.5896752575819266,0.8832053406836484,0.8751147286810341,0.32116334423132953,0.8322816400888853
0.14586299284175352,0.8300145570483684,0.38154084743628747,0.28668323950051455,0.5000449827359331
0.17773464824861573,0.47791197615781666,0.5262345469615758,0.3012560994325564,0.832782248382162
0.1604526454714288,0.1386889850081754,0.27616992014784436,0.7398929973602005,0.13533362423610917
0.16986535506906697,0.5702824976795902,0.14485064973474227,0.2906293375034307,0.08383756077263305
0.7240470047254768,0.9979546897417093,0.5363363487089686,0.6172230666009326,0.7069538249320366
0.3137723305347766,0.8921541622126832,0.7893369374498685,0.8382500346192038,0.9554853488619834
0.26030542464416295,0.9458941370420334,0.7359946803213506,0.6699901692156398,0.3662208522387028
0.9975805109659575,0.1599631959190091,0.6298508133226189,0.409587537178835,0.20344608894577287
0.902263591518259,0.7773579748599404,0.8645164697236132,0.2364981843370264,0.38902847130426177
0.25383406490408655,0.6995539450032243,0.7325522785164115,0.6851933308433662,0.14096319667309742
0.5329826590857016,0.09476171150857415,0.29863611363902987,0.9574807806005092,0.27643430372208144
0.8758397635415988,0.3784230681893025,0.13900143352292982,0.2179140997001553,0.17167645336927728
0.239251878019201,0.18695865741801876,0.8708559114894305,0.7306070699539965,0.42338200564814876
0.9364204233534206,0.014706123271152727,0.27285190475138843,0.03363586950931552,0.22755986491040325
0.07088524293288345,0.44184814418240814,0.05318351578993241,0.5160471889311337,0.702074067560595
0.8519692071641719,0.30694419385541927,0.6234544734772833,0.3596293149090106,0.9936779602311193
0.7256579059089712,0.8691688212045978,0.7932433410155125,0.12406898784332543,0.2601337453932231
0.07692722873566782,0.5685073087468347,0.3924426313834941,0.36064660988080643,0.24395414512531566
0.2005528126242483,0.45892501638171257,0.9432456649550751,0.9137763284384031,0.2615594851516212
0.48854943007419405,0.17217228213151248,0.8448406443163783,0.9376038148760663,0.11096392820935208
0.22727105297030792,0.7056438683095317,0.9304757296076296,0.9221288928374126,0.1856911940131567
0.6641294518323541,0.7538074727857462,0.013557335222094347,0.3964301978121818,0.4675854523480031
0.30814550021156806,0.049296956673831493,0.2816767292313651,0.05761733337981434,0.7538068073430827
0.9439184262804198,0.31393251302380776,0.2412223844473529,0.9829791929662419,0.6455648244929467
0.7478344022109007,0.5837351120773301,0.08983578658921243,0.7755288355941378,0.20268178910588663
0.7065922651808658,0.42358991710000615,0.834676267986802,0.5331642429301758,0.45264462002477956
0.3987695726513365,0.8469717468709691,0.4061649443789598,0.19555125024952924,0.12167524396257268
0.10478990256415233,0.5507897695932431,0.5153431042543111,0.5101795029820028,0.5880295579924487
0.6417709337652152,0.7688341818719968,0.3946660072321174,0.4344115702767509,0.1664058323511085
0.9591731305263186,0.5645327605373857,0.48505443991858677,0.7213761990563197,0.9037296566654173
0.3900770917521793,0.5888749317553926,0.9139636894968223,0.14669861838840015,0.67601304285345
0.1019136138208453,0.870435473732201,0.2213256498276709,0.5610505581918935,0.6723187647611863
0.44591381059413426,0.3656825437291118,0.8444268054689756,0.6040583613720139,0.9724713324353953
0.4510775621763139,0.8289126456224245,0.32695750656912814,0.017010300962512104,0.40013300468277946
0.003640587687011032,0.703535447365373,0.24738663908527647,0.6186966948298194,0.7924780055310953
0.2231863224500935,0.04237407607495747,0.0018128605259714048,0.1570401290567287,0.9294474493181883
0.2645410291775625,0.11360873248172887,0.8994317929846287,0.8945484638014245,0.1303611472841717
0.2471243791437877,0.8995645842975134,0.4151321708806315,0.13774120427774061,0.6133713264671823
0.11885882877714116,0.26530936787458226,0.07423942183944299,0.32350911833756135,0.14394979355037585
0.2658421242997342,0.8964281001384825,0.4302709975323541,0.7092498225628194,0.37715813881434324
0.14957556688719886,0.6136753473189426,0.6253106337297575,0.36692405671440265,0.3414988363447642
0.3129627166671157,0.7888802111814083,0.18452131194361587,0.16579091166391113,0.7813599379951751
0.4328537776910749,0.8154018515588045,0.5509784785911557,0.990881960728499,0.04676370718261724
0.1351652232352346,0.005183335228352903,0.10460738132901937,0.28803415089100415,0.41696268015685345
0.11840145888307696,0.5752390809260055,0.10437339505667353,0.8209067323477018,0.18599604868838238
0.3225236483810461,0.2722260886023472,0.8608472651643909,0.7537918934573317,0.7848957164367418
0.5227980558003668,0.21564467234155804,0.8980221365199804,0.8968757203044205,0.9261906780915358
0.9310034036959287,0.46104714350759723,0.15725406348561366,0.9246435027245699,0.7326058204195822
0.8914386973985435,0.031171811674353456,0.18269441554618948,0.8294058966032529,0.1836094117786311
0.5121454969042368,0.5743899022937298,0.7183316930465738,0.9891637949484391,0.5669443259292212
0.9754810317764326,0.7035495086996525,0.3925010368580665,0.5872592558702887,0.5368878087991702
0.621124026923487,0.8577526740750325,0.15865309259421012,0.3781032209208247,0.5860038922145419
0.6472138337677624,0.09873547650632075,0.7921445662549724,0.334150147088095,0.08321617524486025
0.06640533443655672,0.9026650814662329,0.6288946280777942,0.7382287082819828,0.7317463436455169
0.23618079515668844,0.7977656298258673,0.6069324554017922,0.10378294112029252,0.5108816490822784
0.9961258215373416,0.019156918309959137,0.7565612931728719,0.3567556223400764,0.9315501700923893
0.23177346967945645,0.881413784062649,0.33083940159039904,0.5350011885510381,0.6532658779449021
0.07781535519000982,0.2563339980759398,0.8063076336698368,0.8253583546971436,0.012617764502219075
0.663703506598125,0.36128641854223675,0.08852997903533022,0.5816662503409367,0.14567698144163155
0.05988470664805001,0.8671991373588633,0.8018747162665381,0.3802985954860998,0.043380727682451714
0.836245560638123,0.854803104100234,0.5781365212016405,0.9453943355533195,0.15595446461353168
0.6643220277084944,0.365476023119391,0.5594453618250372,0.19147725696027995,0.33417472854065833
0.49757601244440763,0.3494598989789749,0.11245731131891634,0.767016721560337,0.10956618604008372
0.016335570146099432,0.7104595455347357,0.6205678788239253,0.7204970239046425,0.3398654541098002
0.9069088950421603,0.37593492857670885,0.5292824980693015,0.974045170135401,0.8361725236907654
0.49273861508824135,0.5394133966798538,0.8370312751692031,0.4036642102519099,0.9266385216014473
0.97085292572841,0.9783131773135431,0.8900282067580564,0.5521479939197899,0.23883545884287405
0.39643878669977817,0.6776397598013569,0.613122609915052,0.6023990662384754,0.8844431645574777
0.2573524302375221,0.9353920883546807,0.9269186548296945,0.703492437504667,0.42641122011649835
0.563928902555201,0.40323028657152915,0.7197612233261637,0.3656784260501511,0.9762401558164796
0.3828712761805003,0.4925562302413249,0.7047257395868342,0.030646079542720805,0.2640770630281053
0.16419653399684908,0.46526378818914016,0.9056449137032418,0.975764032015244,0.4459853944730263
0.07658752770095667,0.506423965056538,0.8917330453253877,0.44194869982934004,0.6128560674112251
0.3089023379854471,0.8647874987341154,0.008940868442459116,0.6972691711424037,0.0859060892679534
0.6232961400545413,0.5307566682526196,0.20544327486369252,0.4170207739455234,0.44074211088640514
0.3887516244951077,0.642151577881762,0.8155569941608197,0.09633131233534042,0.12410108787614615
0.6022801308994212,0.7023284602678349,0.1937034023677956,0.5812360543053363,0.7272842782853567
0.582680902814862,0.49115852035439633,0.5522959487299112,0.5085948502908433,0.32425665416516114
0.2131225064055251,0.887408549230563,0.0889075617513122,0.13385890565333414,0.1066498748575141
0.0362466820545253,0.6343149973560094,0.9328020428290525,0.9350092294892738,0.22128575629780622
0.7318554219399593,0.9423078437593555,0.6229031551441053,0.9695458222613274,0.400086285014703
0.8404188289710297,0.6005919009938665,0.9344356415158929,0.606402645856128,0.6247940570923406
0.6905984708792402,0.49745297240219044,0.760409402172554,0.376910543935274,0.9290449208796333
0.6944206875742485,0.10685200096850267,0.8322242759982639,0.3290942791447896,0.03336124989890743
0.2852750198330093,0.26698593973789075,0.9343932478256138,0.8313268509469453,0.8908742594541817
0.9043260089398404,0.5590017317210589,0.6272243277314696,0.08170772001113569,0.37359377662313886
0.02998793982773229,0.1590565392293305,0.4507266480675043,0.45769367791716076,0.3289142877155943
0.1331456375081138,0.22381702278624804,0.626761829393362,0.6745597467004375,0.21551513304471004
0.674391841896299,0.8952787044577898,0.5802642541574622,0.9475770748855349,0.39759559230176567
0.5482328373202783,0.37440149591005945,0.6781220194159603,0.636972310326779,0.6216658353261917
0.051020405804983016,0.8328347688404437,0.8551098664480743,0.48193218432242924,0.44068086927308714
0.20366718426356534,0.3502737235518969,0.2312663300905241,0.8348052042987499,0.4410754387393916
0.6682079244004554,0.8653664043507142,0.005442044929933276,0.7000617347110716,0.7982141483181082
0.4583126331073357,0.3358626295033541,0.10542847831098123,0.8911439076450096,0.7216336208405536
0.03464919701343805,0.9171978926506407,0.718586379615588,0.7632156946690318,0.4898349038655335
0.9342212739627211,0.24633479048225937,0.04151629987260841,0.8204552471010685,0.6660726958719124
0.3061983423877458,0.025663496902596505,0.9870246124945381,0.40097787234561943,0.7163698506396265
0.6926403632568271,0.10695460763181253,0.4922244722198026,0.7485251408547328,0.7536191819674333
0.018838176002759277,0.6391638053760501,0.6663938268711614,0.12368149221477542,0.061628749222236934
0.9380015268672417,0.7087056451990825,0.6190110530520047,0.05548089834319292,0.25940266906588416
0.32364143902933185,0.8074617472888003,0.40212452220917505,0.7485353474986168,0.7905259142782329
0.6527376645012632,0.9662904626958345,0.6726858053828436,0.20596812351853555,0.7470581562936065
0.9070445805902057,0.2316013579358307,0.8726435584753884,0.5780873687657826,0.7948489426164685
0.17878232006654426,0.04939718993065001,0.8104131807179559,0.7578336174351505,0.01154775654578799
0.9743588214898403,0.9513493153163989,0.19921698676870303,0.33318164077423884,0.8902409071273945
0.5063825073776439,0.7873190095928329,0.30334112418887704,0.7948970677973054,0.29229052420061885
0.19994338089762553,0.1921301453969394,0.06216064768374485,0.776536297063552,0.636022080462015
0.09261021839223615,0.05954796575628385,0.3757057017447575,0.8393058721058346,0.18963875519995277
0.7170700292030487,0.10008777224574106,0.5751177462168593,0.2249155081058387,0.8109877965451859
0.0742608322342958,0.9776269570494799,0.8112050527477973,0.666200118986616,0.8870919475130511
0.8261967090613037,0.3963121355146356,0.6286405475142335,0.7108872323259954,0.8485330133515708
0.24543967398038968,0.8334327672831721,0.3212043429784841,0.3448756117650761,0.9957796522666614
0.45563210997540493,0.9407316213960677,0.1766404232272556,0.10074407975247213,0.43393696201725673
0.8361232522262307,0.9628995072254428,0.8828585912318828,0.9622839551219071,0.11363945143301768
0.072066112514385,0.9450041465046705,0.5807185460340458,0.2554928282247294,0.2689194095914661
0.7084922264654694,0.6748489058373864,0.006156110466285725,0.25626097854456975,0.36866065841560536
0.29892603126797324,0.518630974987276,0.3009025442558281,0.6403444111569074,0.9809029853540129
0.4933318891500569,0.6353231256004511,0.20086408099423358,0.03683375786181453,0.6870363787386303
0.7486270509457753,0.07507047963746993,0.5758173474420342,0.2120371916184527,0.009241363976569938
0.6509792232576448,0.3812865934978421,0.48394003492538606,0.34460727789065926,0.4059348845259675
0.6534261003542923,0.6905442216419775,0.6424498278456919,0.7441151584710133,0.12650358409912954
0.5414729637625433,0.45262457895834585,0.37197678030048165,0.8006094639823965,0.18490973766878882
0.35314965692298406,0.5063218856766246,0.03372687437174138,0.01797846925629676,0.5522196227883869
0.4759439780656153,0.6223732868767526,0.1322149474619171,0.246039997471164,0.6498740558435926
0.6002124158208285,0.6503283015603567,0.9751822035856335,0.14966266612830836,0.08683848593495314
0.21993709148014595,0.3314776633128299,0.029836837317277487,0.8360103286583278,0.2776242245634615
0.017105925655770515,0.5690291989702848,0.9507325995418744,0.2642345054138898,0.3171431041900875
0.10399632604974063,0.5430627305823981,0.3163067678010778,0.32013109253297867,0.666419358220988
0.6500991584355811,0.37648732551566244,0.3602787601103601,0.2979698053421468,0.4721946472477646
0.5707116958652211,0.01945998636651236,0.33014222585553465,0.2428848674865337,0.39287619216947856
0.40572022302050326,0.32416997785423085,0.21365657393291282,0.5265560523842007,0.07910368595637796
0.8938520624272163,0.18206509394243142,0.035446120688789384,0.6259129286223392,0.7016520219976456
0.35419575285243,0.9257567405177486,0.5550867046681449,0.6136372524674523,0.06863671978638797
0.9661918778106993,0.71518104180895,0.2774506324972701,0.026844693657005925,0.49759515720253167
0.3418196490542771,0.2257836728238065,0.30962398440146865,0.6630495263401561,0.2493100211653544
0.9037677852391086,0.15807126769452984,0.8840617654115648,0.8631730197901073,0.2652176611993836
0.5740757093546882,0.8750514098590874,0.9403246090577758,0.04421180817010606,0.3703040937737636
0.11532102089784368,0.893988494642269,0.29977009001176325,0.7898663549737011,0.8513560495634783
0.07615490235612687,0.360655384684764,0.8071137730453813,0.5082253748707324,0.3032403119483914
0.5603726149101955,0.7909259748797735,0.6474363768160902,0.07158616492845704,0.0789036646647755
0.2274361578364954,0.856027159041454,0.9644364889868551,0.9295121296411586,0.30480068193585574
0.4114004134623862,0.8876779263500314,0.10614517171689175,0.10258963569329405,0.12936712544674944
0.6769804771423307,0.6281677887760381,0.07438212344650386,0.9484260740075355,0.4701723141598734
0.012452627058589183,0.04248979631311922,0.3328353044926753,0.2103527659726392,0.1928367230843262
0.15566297486636782,0.021183816552401424,0.42916849052555517,0.08388182485807849,0.930379127189257
0.5019025208235067,0.13375536691235201,0.5025384231460461,0.47386441715178107,0.08381006928616652
0.1118578551540611,0.5958655563147628,0.3572743153857607,0.9643421868914058,0.7434253350218462
0.7458245898893057,0.512854932667111,0.7444775509653973,0.17867784599841274,0.17190999148779385
0.12144987524293194,0.6366159765376669,0.976828118366595,0.873313667886755,0.8464746189651378
0.11811624869169668,0.9486844462482479,0.437294145848525,0.9031483316312193,0.7047888357225718
0.10576839507430746,0.5541850102649192,0.6883235584885394,0.9395147234399306,0.902185663329666
0.14193678729221615,0.9757745694873046,0.18113241671161806,0.5109435708275685,0.12742437032260945
0.41876674597317076,0.7553307465154623,0.5862485245334375,0.6502412969628381,0.9158458024632813
0.4890815710391645,0.6577372193929559,0.4934149101547338,0.4088520700066557,0.4003345253551056
0.08875108730962866,0.03909433613047142,0.7107779359500715,0.03499055293409825,0.7757878363594385
0.6043995387618546,0.3179907129692713,0.7719594092446265,0.7470753518897237,0.8446679555484969
0.7431237741238781,0.1742413558333138,0.5882813948967041,0.7564698282628458,0.03245124737397165
0.0272913528361437,0.5324570079847657,0.14046310035793608,0.4760675291955182,0.8022053218071508
0.47762477248230706,0.9345037745979874,0.38619397462015626,0.5321422978189978,0.5898321788673939
0.9386905508452917,0.2697726991213095,0.06862801077561964,0.7487132677914714,0.5822102696801148
0.9075229224378397,0.11417025122973568,0.157022375330943,0.8157324077451221,0.04212908114357705
0.4020543926779806,0.12947121554160612,0.7424394686169175,0.7290622213788768,0.6299158351083676
0.8624206584312825,0.20696708187718604,0.8205744728896158,0.892249657696958,0.4990210004703224
0.032245345227048805,0.9093902206025425,0.6461316702347943,0.01600711052376058,0.07401541601596273
0.24664822225206207,0.860748523922845,0.7848487419554608,0.5641210771188218,0.5302338431169294
0.5583323857822345,0.1775914643655614,0.6092092104308063,0.9629530949543949,0.16998989208830317
0.2389040971272074,0.435186309129067,0.6004752817220117,0.197362410421141,0.19482585995143786
0.34893787865691916,0.012053503931445775,0.6627022537975428,0.9110994314672005,0.8086826955144779
0.566752259103031,0.7110706024876748,0.29006905667622584,0.9314332943459929,0.8328788787713356
0.29041165429955895,0.6724283688020825,0.9946218181599334,0.8138090281463441,0.8847307509505413
0.6212689848430161,0.22316227467953498,0.8332719372715279,0.22369206171164402,0.269912030203758
0.10021382291027925,0.42068880885929605,0.5539482112269166,0.5730468019683176,0.17045350436565576
0.3964713852868803,0.18398376387818016,0.9667113998930413,0.4916623504920191,0.9722633270987369
0.36021866694123383,0.8224614397191491,0.2811208579385387,0.4875987967923361,0.7676049285410629
0.4654280119953609,0.07574142886011692,0.3439687760456611,0.055096374252554425,0.9946783695684
0.27212232909880074,0.6626602378312013,0.34668454566174456,0.127298660504917,0.4461152780956389
0.2054918088898373,0.25340650669047704,0.14289195418034595,0.46873086236199524,0.6968520403535442
0.5313015812570766,0.012510932549513631,0.5632442382020101,0.9379927830635267,0.7624837210919917
0.8688737776868314,0.37611150955260675,0.8083906529720176,0.7735487647350853,0.866656450004578
0.7517259323197029,0.7573075216907129,0.6082809505844284,0.24937673677361805,0.25177523824500014
0.3419644096492752,0.5413049748416979,0.8137145230126643,0.46283691275255234,0.5064746221067309
0.7707409478210082,0.9015237243354661,0.5521119887162543,0.4595273467594174,0.622163690201524
0.27896005463993856,0.6836165566247147,0.06814728042616591,0.9887072924438558,0.3743118184594252
0.1427075466883102,0.18496364400825815,0.262865729638585,0.6643445527609565,0.6275099668223847
0.9127304303374468,0.22108763763040218,0.1648345308982161,0.0035319248931885427,0.7718228849408598
0.3850802596461048,0.586176520430712,0.6272484950459452,0.5211874095609269,0.08414123998530632
0.4035423995632217,0.9695011258413093,0.39622996549748246,0.07247372759815363,0.13853948109982128
0.475803880327792,0.6425170958806257,0.578046965302277,0.19441002274236874,0.5505279558277816
0.07244667656457271,0.024340648112078256,0.45826465469166344,0.18914503451315334,0.14164289578836575
0.9304128393176309,0.23274609033712912,0.5076473393486348,0.9873909417837624,0.39568811472806753
0.050792543578211835,0.07586465547718213,0.2492914764503783,0.4675203992143553,0.7772126080070326
0.15994265764008653,0.23944747748643858,0.650425706016391,0.5787005322147616,0.4257955349329916
0.05676148271120318,0.15712469150260633,0.21549260367288958,0.1916450686950517,0.07361014648032183
0.48305076052979323,0.9770075774543392,0.5234131786656793,0.05244512734536333,0.36783312691139913
0.22707420093520547,0.06559598424944524,0.4592460143083499,0.41334742406253,0.7936438283042596
0.14522069030149398,0.3288559078487977,0.22193614794792582,0.07301116268606211,0.4672884663264444
0.040747907928050275,0.7879614089027199,0.8791095609883475,0.05290051211535829,0.10774181880927547
0.7944384327027213,0.8552578044183998,0.8016571303222713,0.02669072365248748,0.11937611623363098
0.14679316699547673,0.5402810449879992,0.8025505707573538,0.4849894129221446,0.773588854451188
0.3263541098339612,0.3520084594896855,0.17424261677826136,0.28690491771825644,0.8645860402674144
0.49168744674806975,0.12422529643930591,0.4405451075555108,0.9887653104381731,0.9272320185652526
0.17517964512792927,0.32141766454576437,0.0740086831331549,0.3495863011344422,0.21545882914191283
0.9828003071977404,0.4816855838301092,0.8874803627724213,0.1640242169915216,0.7473416214106237
0.34960829269410865,0.44959009932858407,0.39247672800163036,0.5021575964472681,0.5375666696787814
0.9747617124964874,0.30317267848434093,0.4844532406416212,0.3512382300339508,0.7038258592176653
0.967152700055566,0.9554595747685043,0.7718312342525973,0.1073754677512635,0.5487429144747276
0.4035441123365592,0.8457071911171508,0.11843332381310245,0.467049516363106,0.9379366211555095
0.3930120823618155,0.9538609755026399,0.1958366950840288,0.4512999390115302,0.8220559523504781
0.8146068948390349,0.1910167358239464,0.2819543478958023,0.613466822770469,0.22243265999629958
0.8076038511335492,0.7602342481497062,0.282528498983753,0.3067453265569059,0.4103827035542814
0.5227135072177532,0.9928137402696507,0.2902613713898121,0.8704619418407924,0.08130924592444133
0.14450953082538898,0.3981732118647142,0.5676554923194027,0.7115331161496369,0.7162158422262176
0.11484960502924113,0.5300385748778388,0.8554714161981201,0.25511251462534146,0.9639432621022144
0.3823763756170988,0.010877857244617761,0.229957217953904,0.9106037960146464,0.6535983705831723
0.5022992815040447,0.7588919611959445,0.17509459089161716,0.434726779551587,0.6059415056670217
0.8798791040381791,0.45676633640976116,0.6102316168466918,0.3149425710532505,0.5012275252081536
0.15953345671303054,0.781748118367729,0.39619550257392233,0.6845974918762716,0.6076044200722688
0.7944534500325882,0.9930406336540537,0.17288258637188136,0.2650791922570106,0.9378126426555086
0.7178404460785526,0.5734541945964613,0.6447769803453172,0.41647021858694755,0.6506036639916084
0.2270707565672232,0.6501215766630679,0.5085759816121629,0.0558094627420439,0.9000899753390663
0.9040305871447817,0.5838996769965131,0.6603587691172047,0.9240699920351674,0.40359875319327687
0.5069999537677861,0.014188370756474611,0.33067066240238085,0.7287627604623343,0.9554433894815612
0.4547879109933083,0.055897642074890896,0.4908195060698842,0.7419187584569651,0.20566048019531102
0.9781058149402488,0.6597345435398099,0.37426135593527365,0.1977177493176956,0.32324087467936247
0.22113861041171268,0.8713723679788532,0.5242357931623914,0.639044291118448,0.03500535479467182
0.5382599800104996,0.5923033101678989,0.7826979255504665,0.5227438692693144,0.32513219094533385
0.8708996794704251,0.03423234917375695,0.04071801236648798,0.5878150820248179,0.3643852736242065
0.8203786509260049,0.8186706433131126,0.17567413370771134,0.8770692451563257,0.6341590045549712
0.18212179134493445,0.029380586308721646,0.5714247332655291,0.6966212584963675,0.006298597728827793
0.5028126774665082,0.42957028659358254,0.2855868715278935,0.26765346333823026,0.17866708655340857
0.7274998686913243,0.6768221848901164,0.15325797055835655,0.2655158606333564,0.6092165017790482
0.12387875555970318,0.0671093499059463,0.35460334522391923,0.7918647150283935,0.38431391402681936
0.843048105767353,0.5311521843621735,0.8734344225943228,0.6442793189615997,0.7203965365838252
0.26180970422096894,0.6683196703480234,0.8118862848467466,0.8757961463216796,0.6742680015141315
0.5685000056695291,0.8439264487706424,0.32488987198622643,0.6809919522432029,0.07523545181099711
0.7376671635798547,0.1414401183900359,0.250887228499461,0.1282547879473307,0.2809240625275585
0.2511275434447524,0.4797310918072568,0.7148347331019749,0.5221947557952966,0.5527363391646558
0.22916816058686373,0.652260856127606,0.9350101523213423,0.7731927780399173,0.7620021026987482
0.6907088551939431,0.02066186735122333,0.5892230324993035,0.6413439754439492,0.7765849247780774
0.3891210981469144,0.6960844721129452,0.37977430938177126,0.48742424607960455,0.14767918057093077
0.6248757713609666,0.953414539900939,0.2395211103889776,0.9368600166937272,0.46956504099976726
0.913816129975326,0.5731907438578527,0.9585776232387337,0.8121402536343675,0.581369746102948
0.08268853697305711,0.7648076293530193,0.5724625275541714,0.7503682925935898,0.2961451993114831
0.08878045702343829,0.12487706519899566,0.9137642282803923,0.2909664139572873,0.1714199159653218
0.8408687177298245,0.020733112919048557,0.2433773419036187,0.5046870473082098,0.9185929246837364
0.1632877074382283,0.3430662901793785,0.9438152780819798,0.6477808840408864,0.7319519111150097
0.29725873968066163,0.026006698408158058,0.0998312392379136,0.23420314988981106,0.3850508822073815
0.2516932887281986,0.03088541638065967,0.7686661924566943,0.32239797662118563,0.03533908485036452
0.365884460630693,0.19557529219008873,0.34212057227771686,0.7495856597946373,0.8356906177945138
0.7482418259840068,0.5008162843472391,0.6149701517701724,0.12365136369284724,0.9656396648713113
0.14633524771554696,0.5404598404175076,0.14841291360572295,0.04552216748723459,0.4888212757249487
0.8890920771463754,0.6286136312707904,0.7894439760926657,0.7758631354529704,0.8833630271022209
0.06724288527477329,0.9826512024518169,0.037361100010155135,0.4911835180755566,0.3230760014269898
0.8956049143016864,0.5643330826028696,0.4830066793319987,0.5649470671088745,0.15471121280849498
0.11194238559609015,0.34628876546404863,0.8276228344576511,0.8931762524871726,0.2579076535662672
0.7013889218015744,0.14481873493432118,0.8732111468566516,0.8883214393603049,0.5817775264186527
0.6465982291644975,0.5463551259600647,0.8074593053592107,0.9135510122273813,0.4621146032555288
0.7027708893783161,0.20585794925607914,0.7321383548998296,0.6920822353188953,0.6422462264505111
0.36258837034938207,0.8705360632967072,0.6449400925967491,0.522652834658356,0.1956453538431273
0.504461642203706,0.24983143756948878,0.8490681665200632,0.2610594872901145,0.5601242691591864
0.3137123721131859,0.7879346899654472,0.5266929390349028,0.45264586019855635,0.0503811093827119
0.2955631521497748,0.31491251007461474,0.5255215200629036,0.6336416686193943,0.8417422153880318
0.32657348866706126,0.32161150882152467,0.7373554714848226,0.7580229395673543,0.38081959648026276
0.5013663714737284,0.32172433566891123,0.7327865584246861,0.1787025696125335,0.6792843238288718
0.27808799361132464,0.08648784582993607,0.04217653013326417,0.5159612885046764,0.7467571934347833
0.9739296046717558,0.37035801200481455,0.5060434604225702,0.9296498774534055,0.7924217152811646
0.7233404893940342,0.8910189182766212,0.7916065167215377,0.5100991460482199,0.9021836132299037
0.20361614496179703,0.7865934998106391,0.3983754938233689,0.9810788143426769,0.8808492376238245
0.9646544784105006,0.24766931239069967,0.9881864063932195,0.9870718214044854,0.2180383515824008
0.799662666509063,0.36084938907389297,0.4712996107164602,0.33073427302282665,0.4709681322617837
0.9206274299744232,0.38995084512670475,0.1262396238144794,0.5463150652291716,0.12155456472280501
0.41946293848850125,0.11714233923179829,0.6745351638279158,0.7808687941064048,0.8034452186426954
0.6421638569592318,0.33858836619563093,0.489455110266823,0.39583381105726956,0.5553484760600286
0.8308185119117742,0.1268632215322908,0.8647430798681554,0.34038193372265824,0.817726497487242
0.0019584824509578658,0.3577292259346625,0.7229926372167828,0.8765350137658827,0.26044049129416347
0.935061128350025,0.7040562896369488,0.5479869633954476,0.9310509741526128,0.160952149834802
0.6615945910226306,0.3829077344121684,0.8142561431289275,0.005159216825301516,0.16994620635437097
0.6870112744069123,0.7048500197909782,0.9523039485022224,0.5196840694257999,0.17684644652552373
0.9802207662470545,0.9111107082664085,0.37595647260813125,0.37666781147981643,0.5035826868350124
0.02311236141471451,0.5453952419445228,0.9315642840883822,0.031491185649822895,0.6633816226927776
0.7730709986850308,0.124602011048083,0.7730676764229193,0.6924101207983024,0.39553329948585625
0.26688710463558485,0.9812546873255817,0.26419116442533475,0.017037508828152914,0.6508707370753459
0.5953996213909963,0.7559136330228288,0.3107189445969726,0.9421295144038109,0.9869559912378977
0.7753075287344816,0.385630925309701,0.9361840901253327,0.8110871422477898,0.4603585198907497
0.9562931902219312,0.6802507483775918,0.5907274020517467,0.48908224286330715,0.23634938175201803
0.5182051081602742,0.09102204944023984,0.20921795141845423,0.23572233734881842,0.4875302556615959
0.5076704573771903,0.9937394685931721,0.925553882998675,0.14244305298327253,0.16220663892000353
0.12031276761230347,0.747916432348126,0.3580801908243929,0.7386626124380398,0.7503175367145546
0.4139172657159831,0.6649225896604375,0.860863777215758,0.2286106979015322,0.3488354706468225
0.40395176409483435,0.6628269990979261,0.3779421106933587,0.10974062733656997,0.5190530757025741
0.5106275090739906,0.25197278664729184,0.6911324315030277,0.8518629533232216,0.1993309718327606
0.7354138382642519,0.0507487115123042,0.49617728233560143,0.3095234241482596,0.3468995394258684
0.6006646378637278,0.96604793699343,0.3700221056236205,0.24803516921808944,0.2045491654749565
0.36940022516522064,0.6373336191299608,0.22414366629663574,0.08820285123844884,0.4420852624874362
0.6833906357357044,0.22409218332831293,0.8500616788627514,0.15016332368243512,0.5807106434609491
0.37323793257653026,0.007021818270900537,0.5749581492910137,0.645136228099171,0.41491605680280985
0.5252773186765162,0.2507458124209263,0.6915003134621782,0.489500433955398,0.37162049390811747
0.7948484131242265,0.8231502736293357,0.05511141187530577,0.2432079601639453,0.8553808449892604
0.20331251798786787,0.7254444817697214,0.6533951655960658,0.6692531270713648,0.5424846650828352
0.8874216741709633,0.5780011762664353,0.7017085476677408,0.6564169060855614,0.29472645566799416
0.5370549635009549,0.9907704677769389,0.6803828198109613,0.08556795723159105,0.07162393360063768
0.2128538051243425,0.5490417071753135,0.463333022155327,0.1115929477672879,0.6372152226511794
0.38254819509791493,0.46808075682257577,0.32200442008763674,0.08679943457749018,0.019672002100998842
0.5307992816709206,0.8538542637682262,0.7298831966746789,0.3719339193505412,0.773851638098447
0.7957162802213634,0.8291046920932176,0.760908600143621,0.8563835136431045,0.559957748072011
0.680900788556896,0.9503610412114084,0.9842236700457083,0.2937949823681054,0.26867104415714804
0.4376230452988956,0.3902117856452586,0.7944473762021964,0.3153786170131384,0.34531672234254174
0.8176430861507076,0.9683197166535388,0.7021417236349066,0.20717102311471125,0.742563736333693
0.4914931042904672,0.3800379022675723,0.09498034145711709,0.0674356237009337,0.7162048073420285
0.06119601438808753,0.17822980607394923,0.8708407289190795,0.072055656254152,0.7778094037106483
0.5651782330254798,0.4327733522386653,0.3805775541871558,0.530992208942553,0.8540731003712901
0.29401997728464535,0.5521785015558853,0.6092348279414794,0.8656848430026605,0.3474433751402798
0.5356928593237404,0.16582292500079043,0.8960166415090423,0.15483335050479574,0.8530852825983537
0.2347164880550433,0.12614909559407161,0.13531497138113402,0.8669785558271798,0.4012021170906893
0.4236044164905862,0.8922170834070676,0.6894015808632851,0.6842338659346864,0.544137147571886
0.7572176353928691,0.24778404421009204,0.12876291636331905,0.6437443086447803,0.8252944951411345
0.10022726995883591,0.013706824843049858,0.03406957596348237,0.22841224537565352,0.41258545820132164
0.7566480947826564,0.34994663511626023,0.11553561972799642,0.7586174891508233,0.3655912568117744
0.324028016361248,0.6463508777709729,0.7369403127851942,0.7568485771238773,0.09045088411800584
0.58228494754166,0.7516640485540369,0.27693239456018737,0.33184265622938247,0.981803040754442
0.4514405030087353,0.2125757303901673,0.8475513679253168,0.6748103130288275,0.6878648790896021
0.01611274142610175,0.3341269851356803,0.864047697669339,0.2500298852442715,0.13615377396502182
0.7829420325522226,0.21188392515401244,0.160995559050232,0.32179235345186386,0.8459743587228351
0.40256290258842764,0.7769719422062773,0.9244958303769825,0.9822271127767838,0.8977069690576286
0.6617001836341835,0.6664004063072559,0.7939181626017816,0.25617132763970774,0.8927107325569016
0.36658066851433757,0.0202814028486058,0.6134474278897731,0.13301629667425718,0.0345753073463011
0.7284792650220437,0.19004814248739854,0.8916481149693656,0.25331666443684575,0.2360113708854099
0.47937988398303955,0.31463784372317716,0.4521985436856575,0.5796012387073298,0.11508709692639973
0.9765804832689762,0.17696541025097912,0.8508292517364211,0.39768646873969393,0.5896901795282902
0.16058377713048266,0.41123142545167424,0.23949639864692074,0.5006290715503098,0.0026076184778264233
0.6929149812193914,0.012664913796542887,0.9001018677436272,0.9050318193085575,0.6601125810770189
0.20135750368221472,0.9624036438750854,0.49750745389896356,0.1756987803503821,0.8801702887346556
0.6740958500589531,0.6074176476474011,0.7162199514514006,0.2793405444494159,0.4979811889636412
0.26518773456514144,0.10112322616848879,0.19123045612861767,0.5915307188935942,0.23845857558202577
0.3198128557020936,0.9796649856698169,0.8905105091897374,0.7743482334450552,0.08198635004590193
0.3829890258422164,0.745529315077226,0.309279497244747,0.8153017226226982,0.07598920893147343
0.827285929647778,0.041234845028289224,0.21054192321378717,0.18109359787491597,0.24176057695577513
0.8596509637389345,0.1138479981601147,0.5418291368145377,0.10073477886563964,0.4832867670464206
0.36739569226557456,0.7530963319730887,0.45491159357389255,0.5084031947416572,0.3876091833781431
0.2516637799399334,0.5581258833538679,0.31809563996573686,0.8096748001099597,0.33726338128316546
0.5637470259343476,0.6771339508773837,0.06205036265278818,0.24904858917387673,0.7452858030521444
0.8506925068361287,0.38901695170527917,0.6458314063179266,0.3463733850851476,0.811570151643632
0.3126774226170299,0.6706046685710262,0.12158627897849417,0.645139814479721,0.5085108237374811
0.7972533690780486,0.40464762893547623,0.6415306918339932,0.3063672428527504,0.25083677376756663
0.9596816074839485,0.4731523046573246,0.3426419847072415,0.18061788646436183,0.2798932279879953
0.38003634078168913,0.09487944554637995,0.03236450741235464,0.6985870385744591,0.2127319111260103
0.10474297889183004,0.7759704731634051,0.22605370278896986,0.42953726324015407,0.5318074829074895
0.3133405746665613,0.1661976188930535,0.5505008183951361,0.5065895307967608,0.3250420005559447
0.7853538919153911,0.21382694983721418,0.10251055181410795,0.15684471011215984,0.08702550197625547
0.0801749596055964,0.06399539250490738,0.9290784397978116,0.5763768417354875,0.7209960597386726
0.6580321855985192,0.27603055007373467,0.5543286392851232,0.48666273331559207,0.028037713379176488
0.01927060266378544,0.23170027439204255,0.6406475060084639,0.860131463590198,0.7167034885272942
0.09106100556471297,0.37716787118890405,0.5895233838904003,0.5611444136974446,0.6207353873940968
0.2676853730501213,0.5681650313256938,0.16239687027591632,0.8539047708762324,0.15038937222382986
0.41306270988609217,0.4417602676284127,0.2602850572910841,0.1756399514184891,0.059815704200443465
0.30786306607493874,0.7625523865101075,0.09551298569488897,0.11781854885942411,0.8567295579804967
0.6968625979450128,0.8039092837533892,0.4187385392904541,0.1450266858368524,0.6049485625024602
0.5270087335469781,0.6583823207458706,0.5035414403964752,0.01823387647620167,0.7473019436103219
0.6320149118399696,0.3340326388891869,0.38467972718186594,0.14128562055122185,0.5187759771207805
0.46145303022640916,0.31083967937378776,0.41151416068484115,0.14106028691783834,0.8554196248620508
0.8280781320538437,0.15492084474287848,0.36387695407450105,0.9918422081484605,0.35428103369748576
0.6152991643803268,0.24000358037334113,0.6991589434735082,0.6341709534160614,0.4688022606499266
0.46278116736111896,0.7569305569169574,0.4293288773587711,0.906432660593674,0.8232463651693156
0.2502860492763338,0.4977021585868895,0.8372038647112445,0.19206107438605824,0.5739538313423086
0.7883284914361195,0.2847355868364003,0.33811265485300956,0.7023220329302293,0.4941898609675698
0.16786005852113317,0.43028648851638396,0.06552985749380913,0.7166492244283432,0.13244161213143035
0.8350946602171807,0.6381795240708126,0.7232388180165606,0.5399818252966881,0.6653580552492987
0.40051796047084054,0.5148966211413654,0.9302702555667466,0.04311853635844898,0.5771616572838264
0.03487004033724683,0.47167226669344986,0.9387384913437237,0.6140503232941716,0.845709107790174
0.06870844266953624,0.6278345304806722,0.2845187030426741,0.7127061489930393,0.5723024777117314
0.9276371737773205,0.5464609011879964,0.7748046364775258,0.10368247752048443,0.15990249995432126
0.9818345217894567,0.29897737914290845,0.4407747364734357,0.8118737315530566,0.20815891207135617
0.6816935374036973,0.10413120509304141,0.36469736955774823,0.23036534357454563,0.6517142353365002
0.11422879328299018,0.5445062209421975,0.45308632735025056,0.9130114460448846,0.07646648751966723
0.9959732793524307,0.03966476741581815,0.5174964902161001,0.7700428857017605,0.6552108278065265
0.12408485707533812,0.933056548475528,0.6311371354657701,0.9633845860528443,0.20882932342102034
0.8726912219152579,0.6747339547529991,0.6526491796169478,0.37300668880155585,0.035670571764747416
0.325692158630807,0.9955420075896623,0.6228832406918451,0.5678509017778892,0.23502781721928323
0.4554023746403659,0.6528358819153266,0.5415646628373153,0.23978996987668322,0.8871579958407534
0.3981229771209823,0.5733143452232078,0.6740564253865231,0.9984905769475323,0.6486028122970373
0.19715077386214164,0.8951590764061186,0.10329119864479241,0.586828027356655,0.468728352047312
0.3023090047690735,0.6271160118492773,0.2015795689205786,0.3204184855667447,0.16957583722854752
0.5838739293212817,0.502989795960887,0.6646806193039018,0.7470928735886685,0.8465043653862369
0.5260243259751359,0.7484313128794802,0.05300312774022953,0.8671760467022194,0.42997698789411
0.81197452786957,0.9766467191192353,0.30693116120233255,0.42398657842389065,0.21005478097683683
0.01017190169497062,0.9958566496809022,0.2197635998357823,0.9543416074266297,0.011108840099586348
0.013456127745009039,0.4659375501050457,0.963287305850679,0.45684166178430774,0.19221603541828092
0.3723670942802412,0.6904026006213467,0.414752077596666,0.9681367380195302,0.08144729324969824
0.27094560278979396,0.701634013019526,0.3904699606179054,0.5295715311728372,0.6769069131954567
0.44421034631246537,0.9297931647182903,0.29639484072121336,0.15300863358949557,0.9549811117334607
0.017805733296059834,0.7065249266682911,0.9817905956794772,0.6271910804608938,0.48172646273484643
0.5789210347889766,0.4767857503698584,0.2699102417082546,0.502831538294046,0.04127719891966053
0.4661525877852054,0.8785623399368969,0.3979926095080113,0.2868822097630046,0.04524114213844066
0.4655813699757064,0.20609473917047383,0.19501208692448313,0.970803837210875,0.3966571494249812
0.17221347713400004,0.1142481825756918,0.26313842152665756,0.11302317470651824,0.5617470553925913
0.7522462271892708,0.5670872387797993,0.10448431590238283,0.9112227252606775,0.7291674832870079
0.07759722777182032,0.58860457052855,0.14161479049828007,0.2354638672808924,0.05364179675409497
0.19469076443484912,0.8525108551801952,0.5298409934971549,0.7711030786571379,0.3422415138767657
0.984533204089222,0.5106169241656886,0.06131952594153134,0.1139024502577407,0.3728534084723568
0.18832245329928377,0.3266795416514584,0.22730514532297308,0.0729055353525786,0.01540040523395736
0.3935718536058662,0.2028847887616939,0.6802705088373406,0.19896882571319074,0.4151159185770682
0.9582778692970276,0.48137067439371994,0.19024005387928822,0.5308007321186407,0.7157975614528488
0.385639005698614,0.1983494839791594,0.43823415149769196,0.20724815061893365,0.5262712435986593
0.984472662618642,0.25695142924204917,0.03991533037898276,0.40061979360410593,0.9012975671571711
0.9083453731280775,0.4245699577529395,0.17159365648564684,0.3045624449762482,0.6988287189150787
0.63475539088687,0.5638118694042674,0.5065666482122073,0.9359766128773542,0.37285903034648016
0.4155646997056923,0.15806311188364353,0.09233526086589927,0.4139910345723198,0.11335553366460083
0.2905616167526528,0.39765023235921027,0.9173963382011291,0.3189730021540438,0.9406279278158982
0.6529438581247327,0.9236124337761655,0.5344447262942358,0.0664841846480384,0.34282652554869986
0.0837115375316988,0.24964962193292328,0.16647902496098876,0.9860428495596169,0.9435118910523221
0.33733469988586084,0.7784555129635734,0.4097866430413779,0.6592572841924742,0.9652110447527446
0.9291345091632653,0.6640983497919366,0.17532205471230278,0.38212045826265006,0.24216080991885336
0.9474811890425009,0.7384698243024814,0.9167910216556346,0.5385292415490833,0.7987542614373382
0.9265100268684668,0.8121039315530084,0.8003438232295108,0.4460535217164894,0.7125845284819631
0.03431239919043039,0.13470698484425248,0.31075063255868307,0.9948670792832223,0.915478106617472
0.39908292676813983,0.7114564710132563,0.2509387271460304,0.9314122001846213,0.6191465324706762
0.03901595457807372,0.24285808626163163,0.9025547955348275,0.9650901839068232,0.8567475311783924
0.08177397817447474,0.5587965398713273,0.8549110389815529,0.4682245990312198,0.11723375418136783
0.692231907397947,0.907862356244415,0.8994017077820688,0.9454404263173376,0.382026377633749
0.6379034841546445,0.8587102517584146,0.40061488886844576,0.08130034731788849,0.4150506393598873
0.27218617161982317,0.6757398815634483,0.9973772305071819,0.2774444670648615,0.6670651954684207
0.6293338360132215,0.04048913238906482,0.33388448891079225,0.8945438692924036,0.747747687803402
0.7986735538543579,0.3476080181392518,0.6397080758152379,0.8487398619706527,0.25171446281120535
0.6479535311235283,0.1914682541205336,0.48994905016931056,0.09872342425395586,0.6296731271210038
0.7967349268666246,0.9875523468771414,0.1198865353150993,0.9385374719439346,0.7875922621556011
0.14349445145319417,0.9788730049244961,0.47714389594415474,0.41806761658441693,0.23676577734672855
0.813022067293443,0.006676771532781678,0.28169568642209397,0.5912186527890634,0.05706380217215068
0.06984769790275835,0.6400256432925042,0.06223899159144353,0.8720626761510103,0.21383123000753035
0.5389838930596124,0.9493805204068214,0.04784597969196891,0.291332302820717,0.4114093461532077
0.9348380019576226,0.4134234297896663,0.4837102868674127,0.19780412570411388,0.3871113735944417
0.546226868849815,0.4364152238286516,0.04056247768717891,0.9027238860321631,0.6693135536209388
0.5143672153005199,0.8706637155905067,0.3667715774897963,0.1290729130618712,0.9395269066401429
0.8456514632192383,0.5298192421097863,0.8783216815431232,0.27701683200043414,0.389234898103472
0.0882418909953595,0.6159328302169703,0.9644318829295614,0.2316264799414116,0.1939167225801034
0.5188928379717241,0.26847308985682583,0.695115515822847,0.9943633368668651,0.6839746874253091
0.6420761613777523,0.7641479444376764,0.07147368475902871,0.2552418624223797,0.31084797925603147
0.3750922915395538,0.5280020667077167,0.16660395976514664,0.08346389197103155,0.3456019472331504
0.4226713795418987,0.5267385200703737,0.6855585293297123,0.3240904397818536,0.7029761247183691
0.04112388834197245,0.4475009697587967,0.5515479230749496,0.7655256325461488,0.4848727888545863
0.37945583441160347,0.5509997130218223,0.8724706958285833,0.04626978555745087,0.8251964414020713
0.9363524951318913,0.8926068433028836,0.14842580426378227,0.9396772393279927,0.7348378146103266
0.12274927471741637,0.43206551661981396,0.4148940090757095,0.9266238176979459,0.5192789987680007
0.9460844765714946,0.1756440771206932,0.9172133529372654,0.8034670354553946,0.5809244113889804
0.9898351992824211,0.5691718586297936,0.0628331776686486,0.49438109494463056,0.21641895680729384
0.626363669289262,0.4271760464935954,0.8141868528730665,0.053324831211775225,0.4563429274227393
0.11753378307384121,0.9778580894779799,0.5248884625449525,0.4698861842401574,0.5926962203844341
0.8976590672131866,0.4826159057190924,0.41726561363672343,0.05321425246076161,0.8664664366466013
0.35801669948995807,0.43509431313709934,0.7281603702827916,0.6259257522856794,0.5822793031565375
0.8953234435453624,0.019649522252679796,0.46555792719426625,0.9545547614898181,0.9907847053815018
0.674287897708144,0.4907924761606942,0.4129644325409759,0.773039191148169,0.07791927050819736
0.8126534828638332,0.5988446467094638,0.7678739707703245,0.3061098901810243,0.9835727431027763
0.3726470333102304,0.9182512725319381,0.12522784174918034,0.47709633742136914,0.5961861153173904
0.6562986131772419,0.7433397929023234,0.6330915299480472,0.19223378336230446,0.7319679293171016
0.4599840212044135,0.038790954789788334,0.1794971266111689,0.9633496317352032,0.24228150579738483
0.23346289759683203,0.15959050163843524,0.23530519178628861,0.190134957406366,0.15045650753601092
0.5192720101427714,0.3488353749082207,0.4682746042486311,0.40933142060517025,0.40062713913097503
0.9571755607908132,0.1368714434541337,0.37971591548542283,0.6910320079728561,0.076970618447326
0.07248915669805034,0.5234613496509752,0.5372939858842529,0.6274198621481519,0.43260059361775227
0.9287226362315213,0.48169294402131246,0.07097249042404385,0.9161644814343255,0.16000341808976482
0.6625430909835293,0.9391763463254414,0.6936161277746555,0.7303951013040549,0.8843494805868786
0.5352515450216998,0.16285874946060186,0.16836598730608188,0.73285817645161,0.38325134399117655
0.3536709555241657,0.26134659510790637,0.875839680252768,0.5110216071580063,0.9369359906192819
0.5695986169925823,0.36763485373491467,0.9953022257158606,0.6491985461712994,0.8534715835340747
0.33028192083045416,0.274902016590999,0.04091080933796076,0.326127296030833,0.4082229424244581
0.08500657567409975,0.011754700030502385,0.63429343426096,0.5088925981800749,0.06587242174399599
0.6512497656826896,0.2983113613985898,0.6128051345806189,0.6880326759244081,0.9698905127707957
0.3774003909311,0.837836999392912,0.4433393599672103,0.8869315648576018,0.34892457446327074
0.7909174363498576,0.9109013859020892,0.4483378154510109,0.20522166262692765,0.3225932600931002
0.941608631982086,0.7822412773787851,0.9406721024012429,0.5067103845247225,0.9473735718318363
0.5601088634055016,0.44189509934265736,0.5274291079494359,0.666549631802232,0.13547096863788943
0.1018693856030487,0.37410238249236216,0.7715228414094079,0.5535566096779669,0.6389347219291124
0.9115126262860382,0.2626025217843906,0.5890434105180571,0.9824361627765967,0.4943404707577419
0.4061245110840449,0.44977341159621553,0.4763755477255738,0.610383812251763,0.12139339678881622
0.41785815701255535,0.5603633274090845,0.6208993435131797,0.7435625894437209,0.17720705009896154
0.509229869957541,0.6164999546727183,0.2472949117258485,0.2626362885478727,0.5924978051534052
0.30008322062432025,0.2987481342471978,0.3974716726583394,0.6101590720773062,0.9590116781527723
0.8843763382897226,0.7090607976549268,0.8468926576903203,0.24871209800549543,0.8461663784229448
0.45575962270711057,0.33265611965214437,0.5723326664534407,0.012829167625851956,0.38176385524833756
0.14437726344772928,0.0771987862481407,0.4570678042359726,0.43686622372182216,0.23927127318805508
0.3924117838690664,0.4346110762096407,0.48542458718493575,0.8801735606693089,0.10374854277703338
0.8722868435344517,0.7454515548310261,0.1753771448381677,0.8955589381595431,0.2575683331434431
0.6349517924321362,0.5751087581315836,0.6571858659630552,0.950770018991504,0.35880996951331967
0.6696326925575401,0.9580695586937077,0.5353129311546473,0.08211915970182015,0.9722493274827312
0.2292867714957788,0.8942102501730651,0.6267559574311766,0.4278651593326477,0.19052655097562032
0.49264773494321,0.6274608253793571,0.7111589527089166,0.5243224785536963,0.6715012108624604
0.17610716550578953,0.8245661881456414,0.4260472507131686,0.6810449424870147,0.00800386286121535
0.10122031120793706,0.7355085749340049,0.3423689137925582,0.46665764598673243,0.19779453635133482
0.9321703314238393,0.26106589575125283,0.6985794952634213,0.5011877476434107,0.7173762705944106
0.6087475009885721,0.08698868554529826,0.9638502391276123,0.3818089543963772,0.47717000651593355
0.030040442981731252,0.0799135598701518,0.6984410661946645,0.11824799047596946,0.7393658203483555
0.4224942734919085,0.9886219495165873,0.638075553000348,0.9750228947215357,0.1408287533468373
0.7909485310502131,0.14052213496485422,0.48118571450880354,0.5404717575512622,0.7656798398721356
0.2714717442298634,0.5851109338138073,0.4742599596190673,0.7905716516428748,0.42277387756469487
0.16009143257687253,0.048945388765607944,0.6488292528927379,0.5249726514062646,0.8745203987724117
0.8737448692918801,0.7224653930204584,0.9590224380020842,0.8612483354400127,0.4057796994385615
0.3804998587511845,0.09066649749373568,0.4332989033268744,0.28319363284176846,0.6169180620079767
0.05785818318666602,0.906258408634687,0.6834005082461146,0.5606286334335742,0.2807689247296329
0.06768825751406604,0.04562910560388289,0.4241474331004299,0.25585851957635664,0.9594062879554623
0.5788158623973375,0.1576558564905287,0.47160889093551306,0.47100411955975485,0.6543004041935554
0.5983152287534831,0.951563775681693,0.9301135215351609,0.8189753849014643,0.5067708858414992
0.08056576968547924,0.8855168716095616,0.2900484232393544,0.8551272742135274,0.5799775194364931
0.5026259168543112,0.7700756888979595,0.43259795689209113,0.6250310741881832,0.6009302154069075
0.5895576454116969,0.7378889865966514,0.6399072548598107,0.22468092471709733,0.03984401362440637
0.393314643872837,0.5493994412841573,0.3916257553062633,0.0028528241430265666,0.7565248140122042
0.3100363124585769,0.3639787240690254,0.49140773025383655,0.6700299930751324,0.7135849721632148
0.5869515148818142,0.045708884045367215,0.8345644596751401,0.07586782354155186,0.8305030412049876
0.9973066137339769,0.19070410655060455,0.7047922405334389,0.9696469502504506,0.7871458457846502
0.43440349316222426,0.0968723801738336,0.9273226406084186,0.7277909974954929,0.36706945965590776
0.6458751717056281,0.7662629406222526,0.3225238844922501,0.09721109370808656,0.7486789921994302
0.21037086891049694,0.5379433504972476,0.5639509619406584,0.04771732768091497,0.7722178745186785
0.5426487068159306,0.7924630300706997,0.7481616063252824,0.004464218035613032,0.5718033932366617
0.46877126543996084,0.2939362648839018,0.33697535089747876,0.5272356613829563,0.46639948483595606
0.8953343498844,0.8894361957596955,0.404935393260913,0.7673261152809833,0.8120801897641555
0.8466905285113476,0.9446930096851419,0.38706634216038893,0.5171603193705154,0.9177219431133863
0.701095008619474,0.7552288346990229,0.5275326201999659,0.15862260968569297,0.6232061218386886
0.6873452034757254,0.7097762945888038,0.31485026349618883,0.36378417898636184,0.6036667649710948
0.5039143253076607,0.45693411347657376,0.08272233569449916,0.04246914582727612,0.3241724821500921
0.985271965405385,0.3147333471923449,0.4327466658518955,0.3542035362580992,0.9544178068547905
0.6648529744470831,0.7348781756430873,0.0037808088304416287,0.35205252681590904,0.04143016132620736
0.7168668100973389,0.7598547740428501,0.4638582358436648,0.4424022474649554,0.004810497068420294
0.36086222889451014,0.9341818457375985,0.7045111142909657,0.7908499223087662,0.7803564204328243
0.26742003193814945,0.9912192012821583,0.4905214674390769,0.17245675722017761,0.3416765620021234
0.0431893920596903,0.7598114106316108,0.322760506878792,0.7305690220335882,0.5298703716184513
0.036403193579300774,0.5963912749465012,0.146350474984571,0.9064151155655786,0.3218068806197729
0.2752737892344871,0.4617747452931745,0.05776703711684417,0.5955215765101847,0.8723479326501781
0.8839118246400837,0.7711543682166595,0.8129986020613251,0.871694501662726,0.6295416423566678
0.9176544692486437,0.9765506546043985,0.6321297126126224,0.8996167846625305,0.31476139572857376
0.8876323839611128,0.18933064253487952,0.9370684144843197,0.5725686927257376,0.8003000421736102
0.8419498416656779,0.3947709131266415,0.3068132194186306,0.8862298117126375,0.33354288357989414
0.9939549968089573,0.2312565444142084,0.36485874073545366,0.6861879709812028,0.30754510314314387
0.8018668503538611,0.7799609638341709,0.4009006871448405,0.3971850554960037,0.18317071634866122
0.8344907661648732,0.6636985484994368,0.2543699743282478,0.37225934471661926,0.2663637846982687
0.6614544081756625,0.12144716817168433,0.6363118608493228,0.33610812865111017,0.574336177999212
0.4174103678321428,0.8124981744257251,0.5308913918122468,0.7798738680518492,0.3966273103438518
0.8847747949553172,0.6320683387154307,0.5752862949720517,0.8206313056784658,0.7746079596787655
0.9699987788962897,0.6784674353016301,0.9168608292424016,0.597716300816554,0.8194076308952913
0.08964160975402102,0.47471935191214143,0.08349536859989692,0.18160043253772806,0.23565159567873606
0.07075303925266996,0.5487290505759139,0.37744113691415493,0.11087823052275281,0.1440327733973915
0.3796742044555358,0.8058240291457068,0.03783026607786233,0.41897585203797705,0.5908469931092853
0.8829197688575383,0.3794148569885373,0.3189152907353541,0.5283114177123885,0.423950907035024
0.5783080780747607,0.7165840456755518,0.7283181768260705,0.7912213016154614,0.6300959612889597
0.8348577430750052,0.5020258057561823,0.06834248348623273,0.970836852139638,0.08567621484313148
0.8788799200303377,0.15514878430233958,0.04362268252561208,0.4769635031245554,0.2412235068963181
0.04573270192448664,0.01621381090929308,0.3793750259809262,0.7777702852303822,0.8041113593001485
0.2905855181935201,0.8864322431229208,0.7850053283225512,0.6971820317047892,0.4662488463684865
0.8274932075344432,0.23398062035899825,0.03540069255708922,0.9585942944084073,0.7582927269643019
0.43319689220739765,0.6850024459825071,0.2684513786467483,0.7090847227490029,0.25454760334527915
0.7503338141783867,0.7695369127849999,0.6849930355838162,0.7651725446618032,0.20335410059711112
0.17021534284479511,0.8164824829546115,0.4174349481333778,0.7693077867183756,0.2512477677407766
0.3846551062861827,0.0963072815913587,0.761261916825302,0.36220123303446095,0.6018299191776494
0.9690896287073438,0.2877372451458342,0.7636576033671522,0.8242643886765876,0.44204746362288194
0.5708614213325169,0.8270157851907837,0.8716698048816097,0.14695395356188767,0.5072858730565141
0.6279784147492707,0.47512238143569674,0.6831821595938756,0.27324024165579897,0.6992906707977724
0.7574496806320765,0.8433318750927353,0.8704682802163289,0.9278474209428053,0.7890222882476068
0.6589490738676761,0.3641023856164862,0.11518400345277535,0.42656277273884224,0.19112921697969187
0.10681003168833147,0.41443754666785193,0.21952798828650477,0.3593492758732193,0.8043896674251607
0.42712729785593373,0.6657258302115764,0.6364157499080649,0.3247278428306396,0.09467734988213727
0.4852365960141898,0.2366000984833142,0.07424829694565527,0.4849424843483119,0.4355342662507171
0.3831526596518732,0.507379186928681,0.8637626733663786,0.7102619519822064,0.19224528475027425
0.5148936689218334,0.19532031802026784,0.36613730804399114,0.7834924774483212,0.13939077336657435
0.6509788212146859,0.46561413449701605,0.6037848750710662,0.46790875091210404,0.6420321817278264
0.695876462423153,0.21581841393140366,0.5574647090191813,0.2183101427972206,0.0669074544442182
0.3687207322628018,0.933291713861567,0.48641922286526096,0.5587185646037126,0.9148230995891911
0.02531622225262331,0.7553549245782124,0.9254188152736617,0.2274596109093966,0.27906865485538157
0.3353510923810009,0.7691779868095671,0.4538366533081142,0.47140183347936937,0.6169463056520211
0.6852516504794933,0.015326358979098509,0.5476955561178388,0.7132081627677218,0.305504691432232
0.5077933295895658,0.5878089960006151,0.04071353891151086,0.1401457051928946,0.18782957913082454
0.6943855494890736,0.5954355727150376,0.6738634209147695,0.013967420069894598,0.3356353258720045
0.45682234676057976,0.257599445005392,0.8383226331934324,0.21506002043028283,0.3423260802578407
0.7005727719309347,0.2534983408224968,0.8835000299394187,0.4909232557012134,0.5094736407338631
0.8779544692676443,0.16133631546911864,0.3051072691469717,0.2537621506690366,0.7000024621518423
0.46259415514904356,0.830249646761352,0.5416011441716558,0.3243284982455489,0.35301096896999784
0.8786687234229102,0.4682860953708572,0.5313946105786257,0.3840181004758335,0.8344425193674643
0.5225749141048537,0.33263014757999754,0.13609296884892452,0.5601440996323749,0.3194457630227723
0.0011080406300819634,0.0894070582458385,0.6155042296147902,0.39120807375461253,0.8793479576687501
0.03667819243962911,0.42712516534892864,0.2598772054508518,0.07491351325873219,0.4967440805909945
0.315320827896313,0.9629977186394805,0.2429769030198573,0.5030003475662286,0.6924460834214681
0.46695688712467043,0.21696048837128534,0.612919456081551,0.9141075344445978,0.7788858302180595
0.9914500452589962,0.16071392454894096,0.4490646665711744,0.8672508776729787,0.6158760321600764
0.4194698227358703,0.0267672760355413,0.6971183888306952,0.1205874478617669,0.5476784434337084
0.5195897414434205,0.7993514806949696,0.24187851521782056,0.8299578572698503,0.5338660658238891
0.4769296881067837,0.9312209557404991,0.49676909532793767,0.8186254122222959,0.9917906803010543
0.41158445680279676,0.628390178071006,0.3293264213819972,0.9361252752116809,0.5413340100513628
0.636023459987244,0.866635969685263,0.9043405466413711,0.47839017696696085,0.6589997523031635
0.6156350981732586,0.6841188578901466,0.08051389129907216,0.5849706840662608,0.8422245508332205
0.4556465672414839,0.19487619865823047,0.4785720410419695,0.5119988410646439,0.18043186018479374
0.39708359971489393,0.0398456925257461,0.527079677662528,0.5414484040361276,0.33622655525151557
0.8640442284177533,0.30141558157987236,0.2325623533864707,0.14984701470625794,0.3096617689800141
0.5625248316157643,0.6870493463027191,0.10566319702281268,0.35329345066306594,0.09984074706063295
0.46791561447806296,0.4654615677999683,0.16329634359282674,0.9893059653472237,0.1324646512741391
0.5901448483222211,0.2740928537089139,0.7226062704790671,0.67815918665119,0.1840403152577701
0.04843405357563335,0.22545449638093806,0.10308040319812295,0.8500085770944886,0.3864558459580726
0.028574271393508877,0.659819839270459,0.5296884000657552,0.5323535005336566,0.5354507398627198
0.1526159570699991,0.18919275130794944,0.7452821658127051,0.44589311990345026,0.06675060927351606
0.3019952267736452,0.34033467227390246,0.4414181619180768,0.11530334611090276,0.9395608215620217
0.2826892985831839,0.2788506452692473,0.5498136810895198,0.048603058163781854,0.863364291366644
0.5550933157794753,0.14482736843793365,0.0363635643935718,0.8340298656299303,0.8273746321013825
0.8907054046844394,0.9201151519506072,0.36173232277004463,0.4640501047126824,0.8444020463198829
0.6026902415393428,0.20879817372014764,0.09573803186465502,0.7351289281089309,0.30661828903820376
0.11365073118297953,0.9154145693043619,0.28254244519293015,0.5437240001481303,0.0284738107803163
0.6754940725947732,0.4265155269203108,0.0503661385403269,0.3758894815076953,0.04456274840535113
0.9334069669187329,0.5510688126921539,0.8026125585371329,0.8756171482187591,0.8344815097526757
0.6330176862412267,0.6844723454369297,0.6196418523752056,0.11053348539348207,0.3107935504780177
0.019636714108071662,0.10855017966573466,0.8641895895146453,0.2010753404361666,0.8767148908493229
0.44542309560308024,0.2696629379855435,0.9819608568016778,0.262696385587627,0.1158303028954274
0.14546558056425296,0.6292754902495012,0.4882247802903753,0.21778416401125422,0.2875684809988148
0.9194907078130222,0.43194168834567337,0.7259689924023002,0.47485698475134186,0.17350313657441063
0.2614020663669987,0.6328969209332767,0.5443856129641539,0.299608745777614,0.1809354119607991
0.8238850348583486,0.2491037357910566,0.5989209770125612,0.08162793726834716,0.840364715045089
0.06670230379319608,0.847745428310807,0.7836615526492857,0.8820994131919369,0.18645209000910024
0.22243530532278422,0.45788048894227884,0.8972894334660083,0.27901205176763555,0.12118119734583532
0.7552850769938607,0.5701846668734428,0.9729357331275319,0.8451011378845359,0.27049128514575227
0.20309891991607332,0.4023436131334226,0.9288898019471086,0.09473655265025904,0.6913254478943379
0.023527457898441795,0.08280944298172022,0.42821011352884375,0.4170940512271152,0.6109096395543145
0.6532608044927919,0.18050034464452203,0.5065558027997494,0.7761652661988198,0.7989817122261409
0.071339401050171,0.46515916779325694,0.2616298228288336,0.9633486443492352,0.431382450510688
0.16739205872430196,0.9055418955030635,0.014349229349020387,0.02100431983562534,0.7295253873027717
0.7746851263464981,0.9488891521761672,0.5699171863984238,0.37738992089715173,0.16506550450025337
0.40941449527319995,0.42298165086559725,0.769044194183973,0.878478843359215,0.06054125243580888
0.2493932685436705,0.2588634215680019,0.7668630435874086,0.9011883447934715,0.5304074648419927
0.7340997362443066,0.5429874145225798,0.12413259634164187,0.8150675180534763,0.239790032992524
0.8832351657632466,0.30083220040676584,0.28723677697819294,0.8178915790035945,0.2067518062043624
0.9013339963024104,0.3446908120794745,0.4408761525412883,0.31889665955914237,0.09950842755914402
0.6392199786194698,0.5301350918105573,0.15900965736975348,0.2882706499477601,0.7085785867117236
0.7293706221006805,0.6879062642515662,0.7542884139787812,0.6278032126133672,0.1982830452257044
0.33651280917651594,0.6615377835029789,0.6223489367180849,0.7334186986681518,0.341307869959802
0.9944636414696783,0.8189310734306136,0.9503672305943112,0.19573714345614324,0.1854415733003395
0.26572335782194023,0.8273216680490637,0.9710914175100549,0.28217020096674394,0.09508402667512905
0.23574288872598637,0.05169313486465599,0.9107795779775743,0.2159086289114147,0.42768606677531396
0.11724033989453864,0.7188173954676463,0.8497806918701126,0.7577577554884067,0.729058529262854
0.7284646472309412,0.9943625800226316,0.8765726172061221,0.37574725098022455,0.3525134371492653
0.5598883858325372,0.721856890841745,0.6233781780490099,0.3682598703543496,0.4803682952743059
0.21230575081981162,0.4004492010827695,0.11312086364342067,0.057885464203547676,0.009243269928587816
0.8071489265779108,0.6561621249148165,0.5100320979753424,0.881879025187934,0.8855664542082324
0.1476970511698067,0.43985594969225017,0.3583315018543509,0.6580124319656395,0.8275201077005605
0.26089447803749255,0.004474679269463211,0.08922180903957277,0.166170344320683,0.6028592091799467
0.8010340148332175,0.1658245956981863,0.9053669952796959,0.4931648834258173,0.9624232968329576
0.8343773467030451,0.4284797900619818,0.7641305932683946,0.4433051492371607,0.08610231338632957
0.03785040464017464,0.9939143007886572,0.4226530490190935,0.30966736229780156,0.3959200747278081
0.09617719451897566,0.43300806508958,0.23361751021433952,0.2591908268367097,0.9145710464887773
0.2019125340685246,0.6039990702821001,0.6325196675229308,0.3853757312975382,0.41971598831691914
0.8858055338025647,0.08972337805968722,0.49599559105968505,0.4394850974911635,0.8564525634006361
0.18040119909111751,0.1779855135840056,0.6862058625583345,0.11082415444043503,0.18037883650588138
0.3410498985689051,0.07120628326272505,0.7107604806148935,0.8061033264498559,0.38508429876019035
0.4480021247908158,0.49911980095806696,0.07435584242014603,0.7421545524433923,0.8235684967891568
0.361559709221022,0.44239067632018414,0.5130978936808777,0.5693375942091762,0.8994945642220133
0.24687930830811522,0.5413098961971398,0.7371497046154561,0.8756528704216344,0.6416211610102004
0.2299355418719845,0.7790984551043695,0.5249832062908287,0.9237083018043167,0.8871630984861021
0.8010612605756119,0.9976530102378465,0.7768807926212441,0.2276838042696786,0.9689242655560286
0.7712516392191239,0.0897448615981492,0.6889725228116643,0.4785832049191435,0.029208181197158845
0.03261811747951582,0.39727957222166077,0.01369122528827893,0.3528824808607939,0.9293777285205749
0.5480082045499878,0.43413671009674826,0.5854444809258408,0.9068057852577253,0.9830121194618014
0.3866619572144586,0.06733069588649832,0.8113570573444777,0.3518749207137617,0.5198386740930511
0.4323914059435737,0.7228411263911804,0.5831473298762858,0.7720804466914212,0.5213059917835042
0.27707311404009627,0.21819305738908923,0.6035440477606908,0.8507549249313892,0.015191581931358278
0.515804291733734,0.08884621832666761,0.8702233553085583,0.7635246937469331,0.1911527154452839
0.3350460571669506,0.9677555274175518,0.5586477688576506,0.750622181054987,0.06698431412908101
0.8439528833717811,0.49812539742765705,0.06835048071027572,0.4469412595118286,0.8618407816063991
0.5173962162679492,0.10949547103804413,0.2576627899415901,0.012436352807368878,0.28760722008519035
0.10761825751311671,0.8754723960338349,0.6138745195575162,0.11773986125943325,0.622749129622168
0.15199917297557686,0.44515243075890953,0.11033600475248084,0.32060281473602414,0.5279822966942851
0.7302205952370593,0.9439456032380461,0.07419306691030714,0.5731341286632466,0.3432733082082471
0.9199528975600034,0.7940920060748602,0.05346912765438805,0.8411323139246307,0.18250533831676852
0.22971686969993932,0.6703230841015557,0.29271472948941746,0.3906408807429782,0.4655873957642601
0.4110543326722028,0.13770620959715563,0.024776117542835152,0.39810881141472754,0.7041073811566384
0.9965526021177958,0.6185041980930194,0.6645435445364049,0.8047508965672662,0.6862017194890431
0.8470719114083344,0.8713607212696561,0.8530978881231827,0.8312398005806269,0.03758529455334336
0.49931016154097263,0.63452636909389,0.38819982531815145,0.07814326558859297,0.7796025253646701
0.46807947580232345,0.11662468622374234,0.38725679207079433,0.7669723450786708,0.706819828878536
0.48540299113068996,0.42392173283863877,0.16068926936879435,0.36446005880500076,0.0580968866007886
0.5809843012030791,0.4352449410789079,0.2715092196685047,0.6056897873919266,0.6060681253087712
0.2490992276024412,0.16063382835157136,0.9561574275042775,0.5757071967289277,0.9765522399401341
0.48137242297408056,0.8734459249126106,0.2670389630143193,0.3732632297699743,0.9606528461641091
0.35801096898838003,0.9391877549433618,0.03751868657754831,0.021913694025494035,0.43021570379299034
0.9145385113079574,0.2765809178294262,0.29512501514378275,0.2573481347296599,0.009160748093950066
0.7437423229611438,0.5581924791638929,0.97677605043319,0.6594045445844607,0.18436421543712767
0.5726529621643915,0.12468944924922176,0.7371803101925614,0.07866576827908778,0.6763039904709969
0.7230785568063656,0.038451588376199664,0.5645017758004112,0.13824122093855495,0.965842756544721
0.858855486795961,0.6901206451472546,0.6961796160369055,0.2233946739036764,0.32594560618260104
0.374475450861132,0.17857449080204757,0.7302038759201962,0.9278395117451167,0.748163191652162
0.18225913124126814,0.5524488583639137,0.8041278754250584,0.6568751612207497,0.6396610941978115
0.24554044317427925,0.6580949617598144,0.4020197897027229,0.0921014877706936,0.21671116206731655
0.7292384988673966,0.2950777720804598,0.9009064054871023,0.050426627290131476,0.9377501735168428
0.841224357521875,0.7482880416443488,0.7729389069375919,0.17624387823547383,0.03665334493401906
0.6956093517616823,0.11543198796881371,0.8629324917784765,0.6418772014205062,0.9324323674541013
0.49773364658259,0.9749361539360454,0.9261891218270076,0.7175379370286629,0.7358841508792395
0.5521066655585967,0.26260146190028877,0.12448005077630153,0.9800097440896429,0.7114209696198164
0.3722640647001345,0.379704907804699,0.14961614665933942,0.23519723253338787,0.28812024133021774
0.10420580805172053,0.06043513990556881,0.3548319178165671,0.36769052590648477,0.5493743163204632
0.16765630087697891,0.635001372242812,0.1913851965513711,0.024477005975282573,0.0019983045549060163
0.5554461400918319,0.794350740660339,0.8822424683558793,0.1299589864244155,0.14438504764459192
0.6895800496721518,0.6355619520337015,0.04562034338731613,0.8919008327389834,0.7376799541832875
0.3303291862651815,0.22996478480637872,0.26520920759410715,0.2535640300998451,0.2052229967712682
0.19311146741296725,0.41195127297252465,0.20238678891715367,0.782029807553124,0.20763911567613214
0.23577861874153327,0.6310790855878009,0.6227279936457465,0.1175297608160123,0.7166794418448832
0.805826586749582,0.5272468633291119,0.5140044763613081,0.09710125481650089,0.5588592693333395
0.29530029402173896,0.7452374630950895,0.13956114296634592,0.3966180851447596,0.5458069564044665
0.04058241673170637,0.29380212834993824,0.4602332056442836,0.634584584579138,0.172701256523066
0.3972979057926922,0.440250104206676,0.1948659531596233,0.11621922269838247,0.697282798765675
0.8718778903865163,0.7154545648732219,0.2718874688924994,0.1865385543203817,0.793782381092563
0.42102020694533737,0.7278608765881859,0.3817375560298255,0.7650437690593311,0.3612068711510369
0.7274771456853911,0.4231423065316081,0.6592284924738435,0.306075837138434,0.6959600796604666
0.43544333627399434,0.9388694290854153,0.128374202125359,0.01726188974847498,0.9364198430210962
0.49854407496029796,0.09543964804585203,0.15982788812410054,0.24990455258800892,0.15264871639318423
0.8286045055238754,0.8736609731034399,0.09593459012061778,0.33147809527022243,0.4451419707386548
0.46455123652950103,0.05590477062681398,0.6901795507300963,0.39170262101799147,0.22228936734184424
0.4184314641701361,0.9382063103077293,0.2578605219201243,0.35661206001089507,0.3848763686265966
0.9031947234124943,0.7975246752917334,0.3806167073581658,0.11070082612839094,0.09095464386528795
0.7282948714021429,0.32599260389135176,0.038454347530991306,0.7463616046377475,0.12800282064800028
0.9768875242771006,0.05178959357644297,0.15579030701212138,0.07262355427249745,0.07724601169840206
0.6409474173857816,0.6896355027301896,0.23303709660440886,0.5902461985958168,0.12718797826480543
0.47240402354150457,0.2719627669133101,0.6441705802251892,0.08657077167642702,0.1638032321880113
0.7963973297096929,0.8091745002397503,0.2173641769651169,0.14403939751173023,0.8855425535808373
0.581721420891542,0.49867542804422904,0.09391812591620885,0.9190429088903542,0.03380324755087394
0.27800414520921923,0.7961729291814553,0.5865883097723457,0.0008740866499327149,0.6071461302002132
0.7124110207449714,0.7380092234613489,0.37187709583406503,0.388621401585859,0.8339657195217134
0.7650332900784963,0.6877749800884471,0.21791862500852166,0.6149997328461656,0.9403357898477546
0.8549337209070514,0.9415602858694259,0.9071050864261313,0.18019681457077885,0.6721983839332107
0.7609137397809427,0.31763012115014677,0.8855533480286882,0.7525214238631476,0.004936488771787428
0.5845289375971015,0.7841925596185578,0.8319281054726352,0.7951951763150082,0.2591423058502391
0.5477386987139721,0.3817615091925971,0.20007865860701834,0.025779496045014838,0.9833780806961684
0.797503384988886,0.27299272247569295,0.5590914862595906,0.3709704242605558,0.6124439303413242
0.9376879457334029,0.07373190773794314,0.2745119549472945,0.13097403188534973,0.797460192270964
0.15716683761656924,0.46978180692736116,0.8911676979328891,0.8020427840945539,0.11409562660266814
0.8039961385357943,0.1636686223635999,0.8553336593847433,0.41030220930164873,0.7400771096798558
0.3304206215837694,0.6863610714629714,0.8537581200730046,0.9814017119757832,0.8975064867458153
0.9795145062872405,0.23363691364156103,0.46440294698069284,0.16176637673789052,0.77725221051172
0.7606721625219156,0.27563928744030897,0.41510381487108194,0.7300438979462875,0.5260107616940294
0.03430446254555952,0.5851533406118641,0.20760849755667388,0.7425921391412029,0.9805091627195393
0.9073416242064973,0.9889432010295216,0.44319575976805514,0.6982964226237312,0.6314799478686121
0.8500458595360473,0.05675456848342175,0.8260275846561749,0.15685137643342384,0.5149630937632776
0.18686879421276226,0.17174561123344456,0.9641521663102862,0.18834456743481742,0.08101756751901423
0.14202824322705965,0.8183429367669548,0.45117636429848673,0.4211176054259994,0.8638312464001094
0.4272439754609495,0.32713434870789904,0.4472235990852904,0.3769825118901048,0.011451385508384093
0.9141358108940205,0.1717338178523795,0.7400662872795944,0.6596722146178701,0.7179575941323688
0.4839027552624091,0.3291307819327075,0.56656063883905,0.6369173968509589,0.9770783947830678
0.04117178829510826,0.7167199921456389,0.6914846564709146,0.5941152101392843,0.22264400931777562
0.05647305382055434,0.7714985785488273,0.9518619627969233,0.8495396071477346,0.3650242186179873
0.27050587050665,0.7617139659424919,0.9090818932220495,0.15622704130450826,0.09077872769421014
0.827269769545188,0.6040015904974531,0.7347985681064706,0.42960394869028384,0.19437837113982215
0.2736623082336127,0.765800937138633,0.7856010018697039,0.5899419474735359,0.6869084745684519
0.00365440200535716,0.7647598723604031,0.23255952892800458,0.06817571488124397,0.46017940141024494
0.146532039578829,0.805712291589065,0.05210379411786259,0.9742769512694119,0.0635894159666236
0.42387908345084935,0.3266277021953712,0.9012959151118944,0.8135683580443407,0.910434350497509
0.3571741889906521,0.11591084906011195,0.11698526597427106,0.14108030680829908,0.9824601823197379
0.1346394571678775,0.8228766187009893,0.8996576819906981,0.3372132503350437,0.18778638808515546
0.3188266093383212,0.09660371846816174,0.8240204270849762,0.3762952744971536,0.4108723473195435
0.16274123025980525,0.19835287124266,0.7653329460056051,0.5734192585680847,0.4118546051420645
0.4903253637977165,0.20039114728570062,0.5434324249527356,0.17674860405099102,0.5802371870365843
0.8300905975240938,0.198402998669565,0.962918775117093,0.9736490675097202,0.5729243997497224
0.17493260788653475,0.1595848016669098,0.09595807121147393,0.43955293666392015,0.408109981567923
0.24178058488732324,0.8069342379909835,0.35988325766546403,0.81989679103354,0.6500720928653702
0.1785726279525326,0.46444380465919244,0.38015665105075647,0.6539296135333728,0.08886529953130129
0.4431547164871673,0.21930515971010012,0.9675737397543086,0.24561424042879476,0.19429722246444248
0.529321049622577,0.037384073247472394,0.3855061553258289,0.3446804890461811,0.7397584787865796
0.7240006605920242,0.4171536628091872,0.09779906408167993,0.6650332203075635,0.9301380506468138
0.5696366772550091,0.3370504190588193,0.6131914553166831,0.14804822010238528,0.7989953815734764
0.8130413169649422,0.7053338048561456,0.10019585317884872,0.8226296024929346,0.7432803355690979
0.302747522730319,0.3794363918464706,0.08389419370984819,0.9409310184564312,0.09332054535806589
0.09391342641795064,0.16551417377328825,0.11225561437786269,0.6800273255217011,0.3823894111977909
0.2684556150832964,0.18098476297033061,0.6761126130636804,0.7324610615754069,0.9016723339875349
0.2624152870646238,0.9867365559763491,0.8385145740092467,0.8812428033965441,0.013645016009689148
0.05450051398653044,0.7399944714114298,0.23667450784805122,0.9178722785070548,0.9471033395258656
0.38393888901942386,0.9193484627927487,0.4642640496547783,0.23488865347224253,0.32088567559415626
0.671561407358002,0.3228355992476911,0.2699940184420264,0.04177141086290026,0.932342792693036
0.5052999985373164,0.7055735182886307,0.2650046966296712,0.754625865627746,0.7098311873583508
0.6077800979223767,0.17727007395828887,0.02670764638875489,0.6473353650347924,0.30404895368716456
0.7287042424964163,0.8472755467866848,0.05878059559914928,0.4150101104605992,0.7990868687479039
0.5311834262873963,0.10910074625994426,0.1468314187356654,0.9832521704395607,0.9093484649833813
0.6896599706733446,0.39921822826451303,0.7608130915613803,0.5420542030302018,0.651651224898139
0.8090849629862187,0.3626001406121723,0.7071584226783224,0.795995528165604,0.16034018878222078
0.8520709798755283,0.012476712516489075,0.36718048558979544,0.6333673824289262,0.31994485053914257
0.29446518263405574,0.7444421303405839,0.51538076522132,0.9834212161683975,0.37797003242660443
0.3024290850988789,0.8416273291789838,0.29088499253690303,0.3770609786879344,0.556005192045136
0.40600604126247386,0.6259793713122348,0.36142698015624364,0.3357486906790528,0.35193331185898424
0.8640637716076283,0.11176507477002029,0.42243198153558004,0.8046999531391195,0.05757632313031258
0.14443598627136867,0.9600805713021063,0.43031311899719393,0.4567989214117162,0.6399814880752039
0.24760226935100005,0.7931697003771991,0.9418043207858183,0.23224376670145686,0.49419088858819393
0.6438023406475443,0.7128231814448285,0.40591618842335675,0.9476193367102836,0.9100132472331424
0.34463978493885916,0.3641241821159471,0.06472403182201425,0.9193714788223173,0.6150864332392989
0.14442217355768272,0.17574639469463227,0.7047530531850794,0.8479452609888831,0.940371135662534
0.9470170801733002,0.506751743525871,0.3963441104727803,0.6130009065483394,0.4288299519779982
0.7279342392916162,0.43271655061031966,0.9779169637039759,0.5158157241003908,0.8955311717274055
0.30370407569066904,0.38041245813469504,0.09370419807846087,0.39738336486420234,0.906775029632822
0.03922704731851423,0.4689793762626814,0.9673535243108298,0.397929345087499,0.1856995919481228
0.4979469433206246,0.11074874343810837,0.8547626416565561,0.9037652508137298,0.45486860789424544
0.41977366889874035,0.7894329485591558,0.7337403963069563,0.8698206547641473,0.30291665869873763
0.8944755855094026,0.10738905982541724,0.5188679202525033,0.9755031459145244,0.19625028980645998
0.6318077267096087,0.843773932326899,0.5050320807129783,0.45759124995544065,0.5546563953754361
0.8248588346424315,0.1449247607962616,0.17809323552787903,0.5945228658623902,0.4931135867855173
0.10000093645386876,0.4462762035283563,0.33456176378213787,0.5599617868403882,0.3813524743122878
0.5741169863255112,0.819259199544759,0.5322708498351121,0.8071948783182441,0.23043300982392134
0.9735491483805072,0.491777775608332,0.6684664619245733,0.5759640912755084,0.9521645008386032
0.6661011366867915,0.7915326861663787,0.4232734390967062,0.6144855293846525,0.7054617247471703
0.24282612146728977,0.04240450044938937,0.6949208940036804,0.37661112051428824,0.8993798174653443
0.921454370957676,0.9739911512169572,0.6216896353462796,0.8348594130597566,0.9167449483434652
0.0892942669886001,0.12651237952253946,0.8942854296759164,0.5607092727444121,0.4078067216011816
0.16936605471419042,0.9774251467889217,0.7776276480814276,0.09907778227732444,0.012219846510565513
0.04775087380118559,0.10081402161719155,0.27019772814201015,0.09132608105302609,0.3677653220040249
0.2895704956384223,0.5237453395842631,0.9899920172666842,0.9957856471210204,0.32506108860795657
