0.31477289585789836,0.29260902697080327,0.2723546049544189
0.020426652467251616,0.7456369671022336,0.24905152760536986
0.8662990497530951,0.6211149197954222,0.12668455533865974
0.26873029099474,0.15448665196782474,0.8857120165262427
0.2329411859403112,0.7246938586185241,0.05216898062412212
0.4942327100537566,0.36523331325068176,0.8693543517075104
0.6546963730226124,0.47117900845393246,0.8065164529728831
0.43979563903760976,0.6934931604500588,0.5178194290503503
0.5891463443997385,0.06624331011692464,0.4192091763498721
0.6208142055505876,0.7456759870037082,0.6086135522511014
0.9955997032034989,0.3193647555138026,0.1565856608810705
0.12134112448409429,0.24090451713468186,0.4786685220611975
0.5997344982887918,0.4957601580764449,0.5419247547473772
0.06732138984554037,0.3409379835894213,0.09971381523463352
0.5054996009781327,0.09091909587912073,0.39439401394490425
0.6659644662461351,0.8827753638780255,0.7547284869441068
0.8911931244657806,0.25226937389678594,0.08891779707668357
0.2737244045884307,0.03219196767927335,0.8957254045999181
0.9710715596969088,0.6851395200461441,0.7551443031152676
0.24945291130985692,0.9173007758130588,0.7721847890404417
0.7799125464861644,0.7693683249525876,0.9704862820135141
0.6642988562936712,0.297600495738909,0.914700133691699
0.520840824849907,0.8817970256825493,0.14038026801844772
0.98059941094393,0.6216152266091565,0.631565706525156
0.8253211097780032,0.3830368534710483,0.20504647011336397
0.6867873046966372,0.547022973554718,0.280613484151473
0.2408114218716796,0.7731803715269401,0.8257299373091076
0.6178396944087868,0.49281359771102196,0.7047195127392363
0.31578418397250674,0.2847574897396714,0.522929317601479
0.6478908113764423,0.7071973033068862,0.15331644950025458
0.12737581933279574,0.9275350756433112,0.47194931319605415
0.7820054891744572,0.0986262017128886,0.1087667924758422
0.1498840163673799,0.2869756413008211,0.7272784331651524
0.6345767346146486,0.2364502444229748,0.630492989865967
0.15379175536494738,0.28797252598213685,0.24608094642925527
0.19527869210968063,0.7463509447845101,0.8839406655681541
0.26643132302004413,0.8236057847548897,0.31636863516252856
0.30892683752434236,0.4333260621922598,0.21724559681881495
0.695863689813016,0.7612784107159871,0.10501658383199997
0.04069803880334011,0.32958128461582514,0.23617172986869428
0.48156207117733574,0.9707850793641484,0.6217221906897397
0.6784541247497451,0.23241529167759234,0.019999341600556608
0.700387682914942,0.8622146857949351,0.8487304413391529
0.2577733189232798,0.2501542536725896,0.32610219442560606
0.6914273803232293,0.06203278423195402,0.9037570662084755
0.6078689821584509,0.8506069310630145,0.021594133739032628
0.8357934759350871,0.7831868952585854,0.06590223414323948
0.16395554983530725,0.8362045036197052,0.17889799513744054
0.7013821935331633,0.2591954549008093,0.35663335774940275
0.5156648563075846,0.28300669502794473,0.6563348099890945
0.18190127756846874,0.1670360022451255,0.7053992895036605
0.5731959309262958,0.8853564654626319,0.7806676154436093
0.9080396879711172,0.5582347125355158,0.9136177761014763
0.7597225264247597,0.13397222333144665,0.646842865658557
0.6406789889250342,0.10572739337554504,0.9745881868261498
0.8070412534684707,0.5748218644703714,0.3657031524464851
0.5948981441205918,0.21060748039397237,0.2349014012126791
0.9746100801365404,0.24834289274395993,0.5795415276836238
0.24923851346649128,0.05420525219697492,0.29874171814647044
0.8868174509191811,0.5226863406204563,0.047224478927547775
0.49353871940313054,0.589538474420107,0.4930179083598999
0.08326139561991663,0.07821903460210966,0.6869253042137109
0.17728723970217342,0.4538587201781531,0.7879584137250809
0.3094066980696836,0.6920563474517378,0.3044397189845134
0.30504594162622145,0.674565306235799,0.29061198765738916
0.14460933023110079,0.8495382391058837,0.36310379349464705
0.7995106951296668,0.775798787127342,0.06854855224112633
0.7939463576745486,0.1904200318007364,0.8696159916655283
0.6924984731017638,0.2711128008970354,0.7116363092753925
0.7017828338767489,0.3960006095809344,0.4076776077253028
0.49415661900309205,0.11220734968961243,0.2392261261905958
0.7361117342710062,0.3243305991669625,0.28484436753796993
0.5140644350039144,0.2877332067845366,0.38696532658508886
0.05695122147237519,0.9066243813922014,0.7586475432392644
0.21317237200593953,0.8252303515657599,0.39813925680146134
0.36948331524645595,0.9544303503693612,0.9123486682860985
0.1302300784863374,0.0012238103204659234,0.006279337677661645
0.2547598429905499,0.6942181817934855,0.07196826206434004
0.5001474707300477,0.09103110182315766,0.011495637765640887
0.26479726384468927,0.46658080605581165,0.41086204856851594
0.1451239301279461,0.5823744038765073,0.5587828104048704
0.055807293896579235,0.6223047485586061,0.6428820482747526
0.1393199687047434,0.3016357792922917,0.015768762508525214
0.22627316364766226,0.9843586238928368,0.9179664141801743
0.41903962467833633,0.041989689383238105,0.14793291526469643
0.4671482473756895,0.8036433037164046,0.12278773725133052
0.5457057018223928,0.2473682305657392,0.8145986088854348
0.021647287279626948,0.4542352947106735,0.7375971183203859
0.8101528946747232,0.7394075868567206,0.5126656719705432
0.838945939047304,0.3647351444312338,0.8552404134609909
0.5946059469693371,0.8984190209796306,0.35292621511477007
0.61835726616745,0.7032461628876626,0.4039490650412053
0.27469019783268556,0.5235856804738422,0.2241384197663583
0.06527722072131481,0.19167153255343694,0.7605797990900623
0.7957522247390781,0.07977675799166906,0.9327638429994184
0.30575664532401026,0.4641922530149737,0.9686966288103531
0.5714973795172751,0.6407278702565314,0.0022889810315794845
0.9977137431621813,0.06133171730273812,0.42678849543968855
0.020030155794034887,0.7733787835266187,0.10398574178431541
0.9205028581508151,0.4295451516035872,0.28698455898503306
0.04652372509354663,0.3985709527673722,0.20224295820842297
0.6334059620917587,0.6401939373621894,0.35902413175123604
0.10072830176853032,0.7948210671176793,0.4387588648076346
0.26539912513242503,0.9299716172359025,0.44897079767451586
0.9761027851631477,0.04067490717731037,0.20050356819797754
0.4157046884684139,0.47003778748128855,0.09846016045808859
0.6739021464919435,0.5200090030785869,0.22108546199724188
0.19291821551379262,0.8697973991385043,0.09683918148541726
0.4627667167761653,0.8131844115763444,0.4792497245278663
0.635008904094769,0.5300935084205078,0.4545772418567885
0.12187342141418189,0.7494594330876703,0.6093965385687851
0.4270919782232768,0.8888606470735531,0.2963293448565628
0.7118741827928294,0.27983596125820165,0.9262934760022474
0.6766701854133986,0.306789684924777,0.6027439636506181
0.8676996435131576,0.03143630644365869,0.22297525940161556
0.2645018771684683,0.10543855368768262,0.09107703447091231
0.1989339297307593,0.016067707526335018,0.5460141037977306
0.5499079076125041,0.17934131438332257,0.9750018692038144
0.17896132928756348,0.9403657839028717,0.3736848322752596
0.6085707481168625,0.8317922206579359,0.7420855144545351
0.46715407561486055,0.6773006331435526,0.9086457497368581
0.9321922324435838,0.24986171230971554,0.5940176752582733
0.84701318028266,0.8458562381390498,0.4270747389257461
0.2556350871419677,0.17737297068178282,0.2853322934253616
0.601547035229909,0.6757304921993436,0.5545578748859364
0.8411340430401277,0.5814125746106203,0.8140004243724606
0.8580908716781038,0.2539028802875791,0.9511615426770811
0.6812959317997831,0.7107542665607072,0.07708880056804934
0.7295020450587255,0.6172762881945993,0.5610211745334098
0.7861289268922438,0.035534269154273934,0.877673015082546
0.9981096416497091,0.16114139851833809,0.7715922450215491
0.809882220045266,0.06929434331055251,0.39720651752151737
0.5852142307707474,0.041528550335133696,0.5668759669774344
0.8316397176997751,0.2395715543500867,0.3883875813211338
0.17901365419090187,0.05789596651262663,0.4109611712154497
0.6046304781996275,0.9059638949110309,0.48054634010390274
0.0011490023108087222,0.40337282098644045,0.8954499338627666
0.5944218593730456,0.659664660237624,0.5204152073881362
0.9138786241368837,0.43892319208718433,0.3041778883297145
0.7117424922033663,0.755780808111273,0.6678490213608667
0.05061739515352626,0.4320167552035993,0.09016003661003713
0.36555909180424684,0.27588731991513626,0.7559184909947938
0.9136402001061995,0.5520647721566161,0.40154480107941504
0.655994888751184,0.839419494207491,0.531274735644267
0.3450920115985693,0.11177506971484763,0.7910373072433655
0.29554174855551785,0.5097351209476768,0.3619197086315803
0.9333547695682353,0.2809587151198636,0.8420490070496184
0.1387508538700193,0.6730890856558415,0.9115769709559631
0.94783959804895,0.9444895442600143,0.6249157618208191
0.27350407821168143,0.45225560654415453,0.10046037585640544
0.5070995395729354,0.6807229046445339,0.8476667297003677
0.046489264453873136,0.4610325047459325,0.18037737410695232
0.008654727432543141,0.1408877563867219,0.023299809499047086
0.9224539274755736,0.06396921220846852,0.9956185206274568
0.9694931216217773,0.9758177416661541,0.9948879739277775
0.567245089466381,0.2814096289939997,0.5422995338458668
0.2455465983358216,0.07404432039966302,0.371806898356563
0.16124723013050524,0.40314016376699247,0.9843344143981313
0.2964713366073388,0.11861687101754537,0.3882124104666135
0.9593796771376844,0.43442718843373695,0.7720689965157475
0.760274159167601,0.052955467129435,0.5089014341520083
0.45898332739323333,0.6914377061923531,0.23528406326405016
0.32322767614214076,0.5066304710652239,0.09959921305130082
0.4131652919377454,0.9444382450040993,0.9214312940658004
0.9894446361248107,0.8455212684331663,0.3717728355443709
0.34837184193896853,0.3847469888832319,0.06855495700650593
0.9397533331625867,0.4291156122929123,0.6005048538382005
0.36858286935711637,0.33159529952828215,0.02210907283058683
0.668519923512044,0.45169255028271915,0.8310061616194887
0.2057832912958032,0.9270603933225745,0.9835074160971684
0.5126925028269909,0.2920398789619171,0.38437385866132323
0.8770998359493842,0.644431910769653,0.21027948828430088
0.5826840820402827,0.6753643333788101,0.13091433356008453
0.35136800625911,0.4313492741372784,0.6645668094686848
0.6128026240555888,0.40721751732331524,0.09742433278097162
0.8524032468926277,0.09633099954733038,0.36380150398780087
0.10620105093948995,0.12663325621027333,0.6591066795291125
0.014688751714427295,0.32746724279681416,0.26301264484927134
0.9034378840195586,0.5551822517071693,0.41314795283388306
0.2819411512740676,0.44723287288931846,0.9386324681458912
0.5027633612662669,0.8251647161747381,0.7777998375436914
0.307805218309135,0.613603777285293,0.8846167389247337
0.10887023533710849,0.032832411618306856,0.12340018761125526
0.7052113180018009,0.014846070742047135,0.8494746830157346
0.860227350637363,0.31276707344083365,0.811776619361884
0.4987208864642967,0.47026183403879196,0.4302251506027479
0.9268418146740084,0.6347925372199188,0.3184940538277904
0.5357674712132866,0.08229376071993233,0.604050930466003
0.17984037721269475,0.873937590762273,0.9531022807602932
0.22000732016717017,0.7023512646452581,0.4024660193475095
0.5441255239188119,0.2329252771347703,0.8479609420425458
0.2921054643107841,0.02567298843075505,0.5578617858747985
0.773999185322202,0.8814734685213217,0.8587621039550075
0.5445745047104916,0.6001194980493659,0.6509154386037517
0.3984076996071232,0.10890150588176217,0.5586329096515859
0.17686862360921274,0.41602475570851605,0.7486889243741818
0.12114547242115703,0.19029459718131314,0.492781808542866
0.3531076514291428,0.658184713778321,0.04176224729466638
0.1520266907353396,0.7737025903320403,0.24917732657685498
0.7332234572788295,0.41371455383063327,0.6040253023501497
0.962073892063836,0.4720515705286368,0.3475611162766271
0.4663068820436814,0.6295531411637388,0.25086426311417664
0.3085519961961729,0.1932324820932796,0.07078397963053407
0.6924226276350284,0.18783267409064852,0.044123805684283535
0.057947505258032606,0.5193015820077302,0.17462315690883767
0.5657814874466645,0.05445325407801105,0.3848499905438254
0.1820727728078675,0.6823706551294454,0.398238508740944
0.08477866688827207,0.40345921426739695,0.43411816412545934
0.13264959905421003,0.8439303130741044,0.32053175566911285
0.4671831595706236,0.047999103305068846,0.9896822199872933
0.8549413472037611,0.6773707163925802,0.08873878559634196
0.13070823715427216,0.2569515972536771,0.2714277860808003
0.8880036861488481,0.7148409414016016,0.09758307598717919
0.4358379631764646,0.5263172913106422,0.18177198234992298
0.7657011544764611,0.31594457834416756,0.6510516733353539
0.017590615997020054,0.7535637650678829,0.9818175193831168
0.8150294736778235,0.47199214661029254,0.5608870902170251
0.8236782172253138,0.13529121980356018,0.17078191150747857
0.3751259172165048,0.07948443081618606,0.3577647056201714
0.010203458428977408,0.26684178943360626,0.02075144563311926
0.21518458972183652,0.5395707883524004,0.03180619014620678
0.42446167596384254,0.8807575401659595,0.5229693126083845
0.7593130752966362,0.6518984916122466,0.4869469609431314
0.17902838062558568,0.1401956419183511,0.6366283253908387
0.5220096081713947,0.9329707088799883,0.5762297493720765
0.8815461733628662,0.1942335591227008,0.09662997590526679
0.08906002242469346,0.09128717477644954,0.048170527121868534
0.7045038238369679,0.6357380225112604,0.9408380326240599
0.2015913440306154,0.23767957103248405,0.2658235743886316
0.10736396437217899,0.5021267777924331,0.8627672952282759
0.6015500841596467,0.284258183803743,0.7135215546289075
0.37727650311905414,0.17443473376896035,0.884026645321704
0.03205730418530195,0.56242225810808,0.4498123049865552
0.3235943413091118,0.652553585921143,0.35340387897682113
0.38491325820954114,0.9168822972357324,0.5072916716320884
0.4248048142321328,0.7693598658229904,0.3888229200971731
0.5657676661821803,0.21957474351840212,0.6751340618141648
0.6273609327206083,0.8116571306454702,0.7270134098786201
0.6887011216558119,0.9438288079197232,0.09479143504105592
0.5797778441353933,0.3647896821677652,0.6451157529963437
0.7717186833259267,0.6383135269779372,0.9300178751799437
0.8520491801052631,0.1907643340887134,0.7933822447324753
0.2850412735792577,0.11827912519176031,0.18608961510272004
0.3530467195632476,0.3624464187777161,0.47952403737960325
0.3743343805310989,0.36670701631783154,0.2869124470677684
0.5214287774077047,0.24116990609469424,0.5321512392681013
0.16472845956818816,0.8224966622441827,0.01728645218817282
0.9170253557693967,0.07866305554658193,0.4638103014895092
0.31984116610454316,0.29278206780003857,0.11010008028291518
0.5695333632771425,0.7654519659806681,0.42025986321795117
0.6383060105821096,0.1408388335392089,0.6122259122782951
0.42096219071696184,0.2748758289415565,0.8553088274847453
0.2815936401466119,0.31785472505089285,0.4571255790741958
0.6561356500910228,0.0935101510394808,0.05602918941899282
0.23348937768451494,0.7743153297712202,0.9207159160398638
0.1410998488334546,0.19912049182546854,0.6786447020191684
0.8086601208299075,0.014020422698882928,0.5107391335927945
0.12710726369332592,0.20902454761656208,0.6841026674760906
0.5326603387297103,0.19526137488404294,0.3597278718474698
0.6212948122026025,0.20862539637091881,0.41406827998093065
0.696734302644684,0.06121896921837544,0.016917705255395155
0.40292399065718143,0.12352566103675311,0.9009208074127293
0.7051501138000065,0.8885552352492809,0.7321367311834168
0.5228291329478497,0.6632346081078389,0.15887465704923154
0.16999364226892144,0.8198673931260386,0.5578541560691956
0.821759284941908,0.8883563243971083,0.7687087945192972
0.8826108754022899,0.6931075158601312,0.7264454415730132
0.3483120654710711,0.232178391569119,0.9873491537808398
0.44502203281616504,0.5286348703358343,0.12623119484749445
0.957403463189184,0.5808429989909133,0.4711256779686228
0.29730933951787464,0.2974783274956059,0.5465112902984504
0.27167756396428056,0.25910649255794616,0.3289031944210724
0.10930608493943816,0.40122026140564426,0.503623867739005
0.6171763250497727,0.3960868615917703,0.6169651520162023
0.32019955781757625,0.6599030393723393,0.9386415702168924
0.6969806582927204,0.4496765916423425,0.7213984475049188
0.8970840165306203,0.5120964533905945,0.2628821793395246
0.4747255636586355,0.7932956091164037,0.010013815129948589
0.19814330749502673,0.005574675242347671,0.08878474141126591
0.48152548407004014,0.8576343898413749,0.35432594840701837
0.9486705824933178,0.7009308048050625,0.06376996125086809
0.04660456286475978,0.44161571017568646,0.14494789703372335
0.2629843608509417,0.046184192784844647,0.5262870080851585
0.8147827982079762,0.4876120755352199,0.17515830382199948
0.6603254143756248,0.4610631264329067,0.22520037116650482
0.44797783660558577,0.5269237291721874,0.18803995218572866
0.9509639415409687,0.28430573405465054,0.01023739963455117
0.5537340037467017,0.18340851438309358,0.07145681022263517
0.08383841327393748,0.7493222536044791,0.4237906605036008
0.6484329932771054,0.26189404261988314,0.24388241495983098
0.8466112241353095,0.8174629569426554,0.20546829662859134
0.571113234465802,0.9312479274092764,0.31521212852570923
0.20463596673384976,0.7349990657570202,0.5664790310373619
0.29723070116858774,0.655467062804563,0.5299554955258837
0.9886330631848258,0.7221254144211185,0.026756302907447016
0.7887221823781471,0.49530628179758396,0.4540062400246697
0.7687869735976186,0.6942177317382024,0.07789281809829873
0.19773464411126196,0.5579764470191896,0.13695879450773263
0.9869060921133175,0.8831399784305318,0.3752237258981458
0.26365570994158316,0.9749262261374567,0.9567333113322762
0.992073450123307,0.026316817611630294,0.05220302437508173
0.6983711165398342,0.6909447621435835,0.4276579433185804
0.4525725900392289,0.2261976934213744,0.2359457605710349
0.0054325334737013176,0.17611780900329022,0.81297172999516
0.2994911255739261,0.5045912309518814,0.03025780226312602
0.36405688284555004,0.8274772832186181,0.13818569630365785
0.10902286200471833,0.5688623105820693,0.5776994862873486
0.7075664813763055,0.6963532609303881,0.13290582854172028
0.032233944448343044,0.07106699010846951,0.18147480050342613
0.0766459363678601,0.3419874898283536,0.34645361578012
0.5341423742370033,0.27748551039677627,0.31278717168445314
0.01430992075517623,0.12217797147240106,0.6565530630167371
0.7111529056743479,0.7522324142814587,0.10181750156148228
0.9420704126333421,0.6180943543356815,0.6999976145697842
0.9627929053421426,0.336645034963582,0.012691430541118431
0.8133962116057353,0.1344442916256594,0.0412301475622584
0.7893749383040612,0.8315375693307693,0.7766312191266941
0.8304651308407147,0.9765747283995875,0.7780117564998865
0.31250583404287957,0.15636461418194403,0.7081496756276252
0.9231717701217491,0.309113216861036,0.12220319339026009
0.5233954937502141,0.31387523649010574,0.14378268919696335
0.7686205722386689,0.1780951279199311,0.5577380404112171
0.42619495180251654,0.011151679594051722,0.7946352241932881
0.33007872716938436,0.6483005267991178,0.18874075659903544
0.46735391975703455,0.53466940342643,0.4463639428469912
0.7410414383736174,0.25032202274275084,0.20395926924925123
0.27906260502119284,0.48613441184163453,0.5445749285382796
0.22755119655841938,0.5901723670122151,0.8407363176604975
0.5960463035611355,0.9061131783957695,0.9178047754054233
0.9512640338557758,0.32581446624654054,0.4249127336980024
0.8241234778653175,0.1808028197130499,0.42113262493715964
0.9648626715604157,0.5728151773242076,0.16622618719033955
0.3219639647350725,0.6921957597281791,0.29149896306382583
0.002154668941526161,0.39577466696436636,0.3071020647438165
0.47714778832400695,0.1689489317892907,0.5461954667991368
0.9780997469610332,0.619740758994557,0.7884266288923927
0.36640750009338374,0.9031723857072895,0.4581139790731592
0.8345822525172155,0.21628265414145598,0.09161136631514488
0.8354941156865049,0.4628092817200087,0.2156912855036739
0.00570347296524798,0.5759226947831175,0.7030245859101303
0.5579056387815488,0.16914002106953063,0.5173803852053258
0.12934582567923736,0.633602451870912,0.9749752343887744
0.4832621856019099,0.3052945155893607,0.9417315647237307
0.00031334160518015075,0.1982590199601908,0.40809445949485335
0.34565713623974736,0.6519061192042832,0.7960355037922351
0.9358793261494741,0.6421696578684071,0.30420339868546076
0.6711806857084379,0.7781579229143529,0.11816817375983368
0.9157339084448433,0.7401126616522452,0.6406412741738357
0.49151967627113957,0.3194303842147167,0.8155914618548931
0.886961172812717,0.9304735723210057,0.9983010672189223
0.5347577538116036,0.522357612125188,0.8871805672236529
0.5286368578222359,0.09932853733039548,0.23571548389849717
0.8663298217502132,0.29232624314740296,0.6075939972054124
0.6733394372046579,0.19267102330457853,0.40335195960924597
0.4542039533823091,0.5087704324022924,0.8529927047242436
0.539979657611156,0.3376665561923057,0.7681028760676594
0.10050243950823667,0.901707098023604,0.9186853324441112
0.6302309410073775,0.2916747489965328,0.4408440070591563
0.0616918578570923,0.1508734765840969,0.8412159859766155
0.7674118259476296,0.9971518008344776,0.36252072153264703
0.4103155212767545,0.37644997124402535,0.9811006317194995
0.6194713384446173,0.5500370973015389,0.4054312819117575
0.9985117542234312,0.02941668621598137,0.4594005413029365
0.7205601867798278,0.9014870547750541,0.09998685202364543
0.7484382035834696,0.22899950813290093,0.505953640968145
0.13601272807871567,0.4862073451310637,0.34250427316894305
0.3513958237855974,0.2859217848743141,0.4044365577426716
0.5380510450845938,0.8702131357438264,0.22788690637089937
0.18018001285446839,0.3690742891806602,0.11932211665840042
0.1632208026643165,0.7128845647133506,0.24683189546189777
0.4479741244690577,0.1960678876407017,0.47827613631221955
0.8312741206787171,0.30028099261403995,0.3605242826672844
0.8973863971598948,0.10058911903889078,0.8024099419423241
0.9593539537370153,0.5340868462845713,0.94156320491627
0.4483213005397816,0.5132062586119078,0.5957729093089006
0.9020628777511027,0.07779554662264343,0.6822932862710466
0.1619939525910633,0.4266373012747934,0.4662064089909842
0.24284831726308997,0.5296454643813878,0.5207875026842688
0.8673854505259283,0.5645452214412747,0.298915855617477
0.5184324556762937,0.8844684556418463,0.7563311703695619
0.6561292899381851,0.42124747635809323,0.13873019139850962
0.6863233754485036,0.5337007022360842,0.27391907804822335
0.5529126086095886,0.16628803922870306,0.1384034478340831
0.27460559016998587,0.8593590886717934,0.3110398672022229
0.9009446158759349,0.9007848295483709,0.7868591988544185
0.6634239291702285,0.5123284381363691,0.27673457492301345
0.6940025160491398,0.21453165062583768,0.0358966243037645
0.025519753285008884,0.7504061218941518,0.11512347053084138
0.7600693308624117,0.023480127905545434,0.5594412237310176
0.8524879016732304,0.2889854992363705,0.5963924072953465
0.9109692481613624,0.46618563342925456,0.7474141361359005
0.7691289138722845,0.45113115773569634,0.37698357377408387
0.8934607603691979,0.10695767185454008,0.48624739174246334
0.5315214949214074,0.60267384905002,0.049550001960691814
0.8350542027062329,0.13526289110371081,0.36474306085151476
0.3890229969635842,0.927765217322111,0.2680855051029818
0.5402223184686742,0.40634536991048076,0.25086514561014295
0.24132876129230973,0.7731010570209357,0.41791520834561646
0.22152690463421465,0.9524927376077222,0.822802356832803
0.8092024626056898,0.9485763586377458,0.30019738314832833
0.6977974480319937,0.589980318831302,0.5040889165927905
0.9475348732996823,0.987752327451195,0.8054365486098986
0.4950929243420722,0.0382011742949796,0.5269452291918305
0.9561035310894378,0.8228681693891898,0.9788498206117773
0.6471793441466193,0.9298885410142084,0.06180507424686177
0.19674596556124857,0.11878820987844141,0.29823661075415153
0.33136422326537274,0.638822734672908,0.07155176690277831
0.19024094292752913,0.3874665110070088,0.31020245510865196
0.10723229928648459,0.8174238218645171,0.5427004852544401
0.40438284520376955,0.2938465688298302,0.2729080823735939
0.9655141101179769,0.6928725622851997,0.7981955127605329
0.33411108288392044,0.9262234751153943,0.7044669463380806
0.7961349131803745,0.40164380034413905,0.45913324970061475
0.9447824553040709,0.4287054235942581,0.942263389893677
0.4891562288347474,0.7506458948205048,0.6133290595839203
0.2490403324579744,0.33460005260800896,0.2080005294201478
0.8628518794477317,0.6139048065757514,0.7499346780447296
0.26396572765413673,0.42792360727411916,0.09598611765802945
0.3169759785563083,0.9637478472990586,0.2618578745529915
0.45706164393461757,0.31662632176950767,0.23352275920491783
0.6685962964627519,0.053715877586097194,0.9021235186499295
0.7140962253662602,0.8888174696949962,0.1396854152284157
0.14436904953797913,0.3263483490303919,0.2737934925630524
0.3962266722811355,0.6677061152045434,0.9163998281691993
0.18775433928971308,0.1255949779558556,0.25208474023890537
0.982614384822464,0.9997504774699507,0.8671705255543191
0.19223961182129778,0.7001734133841404,0.20598064989960285
0.4946441172112729,0.4984011851807254,0.9605217680240158
0.3670940944260904,0.5735486889596075,0.5504660712354652
0.5919619314021313,0.7429524267377182,0.8340167706542777
0.5994407681317387,0.9313828979549658,0.7365484277419476
0.7125337474311486,0.9622746637815054,0.3755199422639004
0.4395513675060855,0.9211399586768508,0.742493605495399
0.19260262861724187,0.7842926853741716,0.6922660969960854
0.1598932249369439,0.06911708929563354,0.8981133332761408
0.6509767980443564,0.6101714739865821,0.3450001924141133
0.2854148383864713,0.7621823329680723,0.730715497778895
0.7975613048321635,0.6930944594865529,0.0006311871950710479
0.10388223329094837,0.6186097678298434,0.01257887957355841
0.29804229966516005,0.32707269913173,0.9536173180404252
0.9130691616782113,0.8938146475832448,0.36938003363090843
0.8648304112953403,0.8597682918998695,0.3812699596512822
0.5266182223759199,0.6896356473447912,0.6202114090439294
0.6103882450657292,0.044162460544963644,0.20839706480059905
0.25143704378779697,0.04877479662308193,0.6452616033764295
0.3614162961936789,0.37408120234072617,0.41369635964965745
0.5846607896845878,0.078670748561812,0.4066244065344323
0.9875868753406433,0.6280201606348094,0.6443991389945352
0.6122206383229677,0.0608008334315121,0.5324335783429552
0.04114792244107135,0.7618729117943482,0.5551266702766586
0.5006503357443095,0.17423714569005233,0.35341597906778155
0.6853107998506925,0.23073512003253127,0.08557125022744583
0.5665941094619878,0.06718080426212225,0.4162032354735946
0.1970060998755846,0.3702946014342836,0.39178687205924556
0.278551980850143,0.34170274207568274,0.30598511160762554
0.6509301758073114,0.9178651893513844,0.9572876079575765
0.6335160721126777,0.3243633359914063,0.2346938317866828
0.6764370864289576,0.3287478370226192,0.2744765511461419
0.188450864211262,0.03269312020670645,0.28909438831403234
0.6591222559720019,0.5897917111188605,0.19989037526889453
0.9016899133419853,0.6601118299820374,0.05879967771254857
0.6476854039606821,0.8585982143409998,0.7791192909860235
0.060802298354048157,0.5652950901113343,0.5844587935166325
0.5334493438637065,0.15931844359462577,0.4327736883422384
0.6854301776430505,0.15914314531571272,0.4859736658601469
0.46278169631709876,0.9448661487953612,0.5273721095106887
0.06226450024625929,0.02310786178434765,0.33309289176246315
0.20225162554050402,0.35272877652280443,0.03251546188185672
0.28432113987898344,0.5683698578934486,0.23396621111836902
0.6221020850510385,0.4955175397214724,0.5451375267238622
0.17546970015753383,0.3216597779808973,0.23993052589858976
0.5674387340031054,0.5207885151893886,0.911002570987024
0.06490700163962104,0.686694721672472,0.16864037651523756
0.746614682351872,0.6525081273613691,0.9815508679275537
0.35924046186417025,0.11301876926232635,0.6469286580258984
0.7947261019900259,0.9406919774098638,0.9307817342792909
0.3691312620983991,0.5382653361163816,0.6820514104381423
0.8572429601353112,0.09575831489838826,0.1698707102741529
0.14739893345809518,0.6599641888255041,0.7726979774153455
0.7003977535928442,0.6678242620306167,0.9135059650375411
0.8114429009685092,0.5341499340912919,0.2167420502893831
0.15350784063195733,0.34842598529040203,0.5185215449709322
0.946726481035409,0.2875870322299159,0.2996616808436332
0.48129348140313,0.027546176534100963,0.9878232034350073
0.597950896397486,0.43276742673658664,0.9077436008057236
0.9343601006494123,0.4859254954441614,0.7694718560385444
0.49313216217884914,0.7534390267159826,0.8736553350660183
0.11709820431769558,0.4602281629308749,0.19207118874339146
0.6891719529953415,0.6186398286169689,0.5573586613600973
0.8983603236474966,0.6703482764596592,0.9444251450056157
0.8689375699747003,0.18382516175830588,0.24729762291447155
0.08543049337087838,0.8897084477829909,0.3414523168568687
0.6452575350115917,0.2563278096514232,0.732403763172842
0.5292718556418674,0.02924733589502826,0.27044719817274265
0.9215155390694132,0.2633424062405787,0.7192370481361374
0.5886380945958392,0.9166673295220563,0.2541749293337965
0.35380535901256105,0.010815506814149667,0.24290184434209516
0.16399325491764716,0.12411373572812512,0.4840991342750136
0.902849297870749,0.8723145512437395,0.583536299581985
0.6106072542713683,0.10689099218707154,0.7348605276603599
0.9204200671290478,0.1057853711479756,0.6405391060222204
0.4910652782657603,0.2827051714193425,0.023465242351944804
0.010854729330477486,0.475232749148102,0.9956118664144148
0.004356097942874393,0.027184165542249894,0.5674826554267407
0.3571801279751994,0.34682151592376176,0.5237001644233514
0.24607714800951208,0.18776751456753893,0.3678348566905796
0.9881793752156044,0.1023998703376311,0.3839205056398918
0.5743945729532496,0.14790072792402464,0.3658111640533812
0.3458760451123081,0.9492882813473208,0.344759550879541
0.6816377871484817,0.02457810353616574,0.42565842515997987
0.017143022772038496,0.9441940897218967,0.5285106505920634
0.17926069651413346,0.7707085674019593,0.4216837917214784
0.41374150604525817,0.8661888975566959,0.6681026816917977
0.16284791079116456,0.47235588453861077,0.8849190889191015
0.9886140519452118,0.13414014979160016,0.07275481741289602
0.16435357185389943,0.4079395017080293,0.6229933291596187
0.1818350939162242,0.12391157671748954,0.8244858559773421
0.40535730630978817,0.815300480739127,0.5184982193832385
0.5146671143513455,0.7669842210667154,0.4726739656565738
0.09523996620286379,0.6411300484977569,0.679458806294164
0.21728633356600435,0.6402876785603104,0.14026453857564714
0.7360295141737554,0.6067951635328664,0.03004614745690637
0.7774691182806984,0.3729233785374283,0.13346356247041402
0.5581830089328805,0.30861984643952844,0.5259039999892439
0.7042302734815841,0.024809756086137558,0.041613083248524085
0.43083211038041747,0.4880427959191721,0.9265863331949733
0.8555838558603243,0.05919200261187163,0.5066330143707578
0.14465274425425412,0.6489829463325696,0.3126895601413314
0.2763000138259777,0.6855128935461287,0.24601341059927406
0.11610507236298917,0.189141122289474,0.23595024010390775
0.319114293123692,0.8050217607411102,0.44880561934335816
0.8072797564485864,0.6615563333016625,0.8677936252017818
0.33613166772470826,0.5789591625933598,0.5574886976441319
0.43451731043816355,0.11923459356144972,0.2685007192638039
0.15689207313779696,0.4751716672234032,0.9146158977150033
0.5514623521671655,0.43208442938015734,0.8048245703372574
0.9767768399949367,0.7041984741263753,0.9976765289034855
0.11691776453713232,0.4750969265223278,0.021661425720330918
0.1591459707117454,0.686997522729919,0.7233075311123668
0.7985266947181542,0.6427080459031974,0.6604516935181949
0.9555323225865009,0.45535903574454606,0.42202019582013706
0.4046136053847552,0.5251169909088826,0.8727946324052164
0.8472752663424229,0.6877273068761462,0.18834639950035126
0.8491833129217349,0.6506085642863055,0.9830639585323926
0.7823969090392914,0.3567016914146033,0.5107015084407683
0.6579529661071856,0.43424187831616,0.7926570298488482
0.513889670550447,0.05856149962840784,0.04197679893891293
0.1313199726802624,0.6365536551766589,0.06217750494770291
0.7224209748875139,0.5809078305501739,0.8011145021767937
0.10414686013926644,0.030830151431474384,0.1298202919610113
0.859994699423878,0.34956294696691914,0.8054369876226564
0.04723804569234047,0.153848718329598,0.326795108403512
0.765186538897163,0.10438109067689294,0.15021541907983704
0.09859610656206486,0.1919052838707419,0.34035791089309675
0.515742210782072,0.7553872682364272,0.00235786859331677
0.2651280692727094,0.001307155862770304,0.22191384167369932
0.7026636988993827,0.9357407446108805,0.546932301380523
0.8362228053300036,0.4290593115434057,0.26111053940328965
0.941111638152344,0.747262517518188,0.8174020631341319
0.6136758885447047,0.602043154341259,0.4998823835155146
0.3275743390827366,0.19130716205971432,0.6439558379068604
0.5020035077375541,0.3932559208009416,0.21675590315722015
0.7918359498039296,0.5363694867739939,0.5202419947199607
0.6202226841121828,0.09647881295157068,0.2546050977925145
0.28138395308468167,0.053986044650360054,0.7429444084888702
0.6411992253521782,0.26302922078127566,0.14751177360881096
0.043775516602065245,0.16077495925048957,0.654696973181333
0.6361527514135984,0.7134748507336265,0.26896985273742724
0.8243642375757703,0.0263097766197109,0.8772041485527776
0.9045667917113289,0.11179880986324842,0.8161221344358494
0.8961711843488253,0.8487878103675546,0.8694275446049986
0.8272149510591926,0.2921620005159593,0.6052048509819931
0.4018244835301722,0.34024156838411823,0.6847096981501494
0.46954327905070414,0.38620229204072587,0.6628913842088103
0.07586269814693691,0.1941760810828046,0.5448598039272697
0.45468426316632937,0.6147677893967708,0.918325619390221
0.24349199119390852,0.5440212676776788,0.46806727096201883
0.014507024298863636,0.2863629958546786,0.1821855734854937
0.8927622356811197,0.5302922716854477,0.07611446711335623
0.42041545445071415,0.8844722792209663,0.6902329182217939
0.9647172555744054,0.670155700354583,0.03139873268650295
0.8053631795518361,0.8040124278763008,0.3522678677771648
0.8976038750198776,0.6771216538435468,0.6487523366734139
0.10080138929885563,0.2835564180715514,0.49405768680784423
0.24711454378415365,0.31740114195835367,0.05669639099736312
0.7779695121630295,0.968006668361788,0.682554672716971
0.9366257986422796,0.13973879934338007,0.2102771861753212
0.8406686528930254,0.2820475766468453,0.08315908227559043
0.02810464205544949,0.06602578265904646,0.744325890385417
0.7771502356059907,0.2521531173109697,0.06351249148438076
0.3892515854398102,0.9098012870371145,0.33407591554597615
0.7142631960936582,0.17116271913765913,0.894607891072438
0.3802692914949969,0.16960531539649537,0.6296515987228285
0.7663594270116899,0.08038326781044203,0.2276544166972767
0.12481362755891601,0.5253239539836938,0.43937502459367683
0.49307426178904035,0.335614215985216,0.6121686762442629
0.6412470171106388,0.9586549988575669,0.9685606727745879
0.6010680219118602,0.5396564143923679,0.15181465559936136
0.6808010393066749,0.45495760062138213,0.6015920125091172
0.7380958311416198,0.5873108201748048,0.8515715278734434
0.3381850525311322,0.38596421340758613,0.5524382442427479
0.6093635915278408,0.6290939274541139,0.8139204976262544
0.9015299568607062,0.5537836580064591,0.2941080592079095
0.42934957617571323,0.0015400705030204076,0.8037591719757415
0.66860616707707,0.4439090157216986,0.3657263231147635
0.21194385637378266,0.5861055704461736,0.4396375645245785
0.8101861414353755,0.9255690665467722,0.6551756883668924
0.07064975733446843,0.4628316811186426,0.022901504838905518
0.03277560430320814,0.3384407557989293,0.3017907876994863
0.5462769481718834,0.25031121071504925,0.7082323128005549
0.48686151190483007,0.2389348001441728,0.7890350435372132
0.21498549602383166,0.03452542330130148,0.7731728519423161
0.4947503399771309,0.20582725422984793,0.14797917518584847
0.6840512969870923,0.20123734797714654,0.10971112424064011
0.993789037556384,0.30913727459976137,0.5864502749983944
0.7413647672269715,0.9081043120808188,0.31962269735712834
0.030559739560999555,0.7065422453150642,0.3456757367123078
0.9789153656493904,0.8900822827119961,0.37184961817634943
0.5281168802694277,0.8722416106150837,0.29254803360056403
0.5838465764994692,0.39032482265757096,0.7446464959324782
0.4268578048821934,0.8213412932045626,0.23332183988538802
0.827226764537035,0.5830399417627368,0.3280202250686267
0.0156396512267738,0.4744854797907466,0.2312464601751003
0.3851022150211202,0.5308315039742799,0.8229588955079681
0.2924982962577841,0.4195296878406588,0.18892441374266966
0.9407772669778195,0.7581817618850051,0.8256126497029932
0.3043591786496723,0.5753942553878632,0.29692418344557225
0.3210277737855197,0.039150904706331535,0.8727424030591799
0.23657596867169783,0.4034797156375669,0.013992489893748461
0.8012909248104316,0.18667538453061627,0.4379277864871082
0.6816121840780529,0.23558892953324662,0.4716327649458114
0.8015737092358913,0.6300525739148134,0.0953195865434695
0.3375280937174576,0.09629496542369986,0.886821775742829
0.8537539768331659,0.8954874518413811,0.7517484312045492
0.02204137878613488,0.6556295433377058,0.6691047924094897
0.29166030480671645,0.6701089527518043,0.7028988956145178
0.7766715121310943,0.18184934502954098,0.40657911876281216
0.12870372674667574,0.37931215257899475,0.9039863348908159
0.9024517445880496,0.19220691346273733,0.7536471660694763
0.23166239734860183,0.7813252240361479,0.6219558679265068
0.8255393300877307,0.6784402396966901,0.14989185054551957
0.5556685750173834,0.2137651083959009,0.6167493862086489
0.4332421978908284,0.571381758002486,0.9755651073961251
0.8049670315913673,0.8796635372049527,0.09050131613252754
0.0007925569455285997,0.7405090131485783,0.9431803657640325
0.7255941387985342,0.32201789444921347,0.31560271401649787
0.4397220300352115,0.7239609905461319,0.8380043361779163
0.9394040836815335,0.2952160058814016,0.9464446867536829
0.6910705130678698,0.5726629312046211,0.9572601105115864
0.7141177663094606,0.6754730486144747,0.5330900250079347
0.9895836872211039,0.8680255567044212,0.6435829757895908
0.41559616927465837,0.6409389566830762,0.8868604979540354
0.19677285814098455,0.7032738188812953,0.061204562093086
0.6055806771898884,0.014326899796330839,0.12004837468258489
0.2783236856132526,0.06991316031984396,0.5207441865166729
0.004726425137608903,0.9168292190860177,0.5795810534842348
0.004873160623600659,0.13842789223240992,0.13455654357210767
0.046840047711381394,0.4614148668977621,0.7613673192374917
0.5563228220047994,0.40689654989179525,0.8730361221372974
0.02142575584911155,0.4464182128534411,0.7645494203609253
0.06319605262343553,0.7952474237392849,0.2742464834071996
0.15042673641729576,0.35070430690634025,0.25855303752725456
0.2769590446323129,0.4558634163282448,0.08989154225313223
0.30425676198726137,0.6493221205217912,0.5211447152859203
0.9198057124511496,0.3645545974555626,0.7590090583589542
0.3805653399591755,0.8351469126512013,0.7452060054697651
0.9504400128205882,0.8450858567570317,0.8135854792482178
0.6906296483141239,0.24769198607974374,0.878443240720464
0.09090190349064964,0.4632289223888335,0.1600822992971871
0.29072002373661177,0.5606568436551381,0.6606195814236743
0.586729681026588,0.9880157308084061,0.27946567834181124
0.23400623995921566,0.10709719149680674,0.9060708682978411
0.5611575843611394,0.08306142231607339,0.4030965459383743
0.7081039283883219,0.07123391731875328,0.9515768041546246
0.8556937731244293,0.41168439682908753,0.643958338325342
0.700124363178841,0.8309385367367854,0.7862684396648569
0.9950190049521822,0.6818935802879285,0.5986222399410221
0.7905741957512815,0.2912011445953777,0.3722871821679907
0.4917980748081866,0.2628003197190151,0.9204114093512046
0.5646222564167784,0.6354059890738162,0.2329727299521307
0.8594688884687333,0.0012039463416539942,0.5104991406144119
0.5426352088298614,0.07791336506516011,0.8842127546744898
0.07445608580593055,0.45664798025387343,0.46858780345161954
0.7961541353738241,0.2456047524897218,0.37596506187522993
0.10440324966066772,0.6281468603044618,0.37864149533659774
0.018926525142562767,0.9411935080405734,0.10834246770660383
0.546169089949138,0.965417637093176,0.6080014254203423
0.2616785304247601,0.8463371824228048,0.49919981556504966
0.5725697378486715,0.019839381250791877,0.7187295263638166
0.6345127705862381,0.32192540018439186,0.6387906094168897
0.9520949606860805,0.3569047831511406,0.518750967909652
0.32921425574561525,0.5956271157995713,0.03865952150863716
0.9279876941779612,0.02136005581942324,0.7044215186151114
0.6525006378916056,0.27895416861595734,0.8980651949489036
0.6381709133885816,0.3566746952556519,0.6230948744031771
0.08002714242755637,0.6194582716816193,0.7096150651953506
0.8652172906052423,0.15499067657048082,0.7524116638099794
0.4287382415390709,0.2037595357762989,0.4965076410242437
0.062014968890636846,0.05340593310599384,0.6268966514971184
0.9457188722106867,0.13721972960509965,0.2990847107353819
0.5711601369004761,0.8403750322278214,0.8618357435958595
0.3275400802058952,0.14692896569555114,0.9465273242344205
0.3893157417065517,0.5222073115889914,0.4630327525446256
0.48032721668599465,0.882673717213127,0.3375708148399249
0.7578689062372558,0.17423104774746956,0.029001187437033282
0.040280019219007035,0.2971529929561302,0.5509754056723272
0.12671459604732482,0.6015117575983112,0.9010053461850873
0.1896368581225969,0.07586942554123033,0.9775717722194444
0.23295065279457683,0.044150072969070475,0.9044692076626886
0.8547320856499836,0.40067852777822033,0.16687418994970393
0.6150613289033848,0.605821851835336,0.3462050861700976
0.5416525277302446,0.9775822239694386,0.30326952958479747
0.5628899111369345,0.23423917726855037,0.07718432200078207
0.22930795355694356,0.8795339847354015,0.7722715972098163
0.7433803168616232,0.01050330097802854,0.3950167002135616
0.8715265403387236,0.43534818867585034,0.875855783218383
0.4842957383978116,0.5539121699331719,0.6344206734607397
0.5755285305077945,0.6963952069388614,0.7887434492119274
0.40677354093835116,0.11696711802691351,0.8438232279633305
0.1621446349143002,0.6089689556684885,0.5185775513206322
0.741692773593763,0.05028289500304772,0.4291266485747789
0.7768306846029168,0.40362316447792546,0.762867156593849
0.44762291684063826,0.8937860119405102,0.24405154687308672
0.861512201716407,0.3932007749190377,0.1833490482802974
0.7688404040297752,0.9187782809033601,0.603767258046011
0.6425202713444028,0.598428550424823,0.527039868146003
0.3205271778957285,0.5696075135434228,0.1317975344656097
0.9463885587955017,0.7170995497792529,0.5467852019975519
0.1903388011569408,0.9275925779739795,0.32641560171279216
0.8286536853866702,0.48859617633124197,0.5044521158218576
0.3695710094720094,0.6449092468625034,0.6912944507426076
0.8000861861199716,0.2595933986845298,0.8794129272671816
0.9638533810670684,0.9980986297057113,0.5425586314177617
0.32626399294192443,0.04508413980203929,0.19460627217036786
0.4688111266354803,0.10816258946075286,0.8365588180379112
0.11677342088830844,0.07371827293164235,0.9173294642638403
0.13275930307598705,0.7494744741257152,0.11950420886302981
0.09749853650466367,0.808547061386523,0.3108410115944834
0.9554005301750977,0.9912783384378511,0.19283248734652503
0.35042828604721277,0.5466846633838714,0.5603228939925053
0.41388765827314433,0.7730990987945701,0.23701209615548724
0.1968743770985385,0.7294977043520048,0.21914661103428867
0.7329974176827438,0.4748421167463982,0.2511792327161584
0.8213785755287264,0.15394045349481955,0.4963280575898753
0.2329009692376629,0.1268016288159115,0.9652914462550366
0.08510807543788568,0.7641939176320015,0.1301112693735158
0.5389563809028606,0.7089550754246755,0.10943785937165895
0.3946206440958333,0.9881032936926598,0.26680824461658503
0.5266873728701129,0.6205001377204532,0.05479506631938014
0.7871945834437424,0.8121545220036234,0.540175607521297
0.9091481433297801,0.6688333629095915,0.5460440938961566
0.4415786088849848,0.4354248821646982,0.24164563462086086
0.25069873148938004,0.7525106786998303,0.15750689104866267
0.7917994629144737,0.9631978530797297,0.0032462679613017853
0.24649214768090255,0.49476698809404185,0.3383625630896957
0.024758490637548425,0.1152785328327206,0.5617687602619618
0.3450236219126893,0.23948013513054112,0.7959735923757021
0.05137538504485595,0.16056151740801738,0.9286477310218016
0.695472590298126,0.49859360640543593,0.24148704161708434
0.09829887825674088,0.4709287917529009,0.4744091188781676
0.33752046777862155,0.7373564986522834,0.5839480539377132
0.03650690721385408,0.4731165218025538,0.810009784269425
0.4818559408730143,0.35069526135271056,0.03326850965600303
0.34885502533934987,0.4611787577325761,0.0497741185463737
0.6650067210872431,0.26890449763715674,0.3321638610600859
0.3924806049676043,0.1506110971816642,0.08748864504577425
0.2787509426466296,0.43145652805886847,0.9045356479388772
0.6465854747184132,0.8834751216340944,0.06085246304784386
0.1407875452421833,0.17855107692724637,0.6166697427687475
0.7634379889290985,0.5327416507597533,0.17552156656659224
0.03716159835098898,0.9957018076630869,0.7709881156442041
0.4004342541241952,0.11065741681259356,0.5590515503562565
0.71212937634069,0.4678855460251088,0.1344060050876721
0.9272351317587021,0.16175528617171953,0.9714309413110671
0.0541829460657961,0.20863681108212695,0.8461686708055558
0.8716264821095504,0.866499540372743,0.038761777932153185
0.046707118914657064,0.6131908198949727,0.44402714482477723
0.137490876505184,0.7072233235980637,0.9776156585556217
0.24491188016953847,0.2628017976482274,0.5236590087493312
0.05714916841741147,0.3661913814610207,0.4485574725852074
0.9058431363292944,0.7892514842230703,0.08998817205561793
0.29983784296810023,0.17704474737059728,0.24132855641254847
0.0721654828372581,0.8544758294867865,0.4356515137159921
0.667301506876076,0.11812325837179771,0.7293512384487859
0.010617294453419301,0.743877868828797,0.12083313718334132
0.5203589135118211,0.4351992523877758,0.46858688207127197
0.7366065527731276,0.6773682056152535,0.7279542406046949
0.5345823379022607,0.6062991178935151,0.7788411712081516
0.2693002029019519,0.5791640030099792,0.5608565741413445
0.07779967724354053,0.6226965777857911,0.5578863160233318
0.4867775890509397,0.15209022697048225,0.9487575991716317
0.10825265293893671,0.039894248880656735,0.4437974650815941
0.17202869751169247,0.7573750835906574,0.9667716865413516
0.47044065400559565,0.911414618640287,0.17705774523650308
0.6870392817547138,0.7976981959170943,0.8686545537824354
0.47725801640843124,0.3080516780452506,0.705221786164746
0.3613147224938986,0.9388360755234079,0.9821621713085151
0.4126709139733593,0.38722069565301687,0.9979888453808957
0.2566751459754656,0.7617257661366844,0.3750285324906921
0.7427007930385489,0.11899085726490044,0.09282335892222349
0.9389192691490006,0.3406560588952242,0.9796674290195364
0.8533508422557633,0.047391379010204626,0.7873735754722323
0.7217775970389891,0.35674830409908764,0.8478638134996094
0.5219381852255711,0.6677742405662969,0.2506169523824212
0.6837844361358973,0.7680277434776247,0.9691825273921996
0.8877481627587579,0.5207614371297968,0.5556714165774753
0.14213045454707096,0.8933238076811887,0.9521225216758923
0.815717296609724,0.22982645169988247,0.4442967849545657
0.6669477920443744,0.3832630407604519,0.808955664866431
0.7061654838974816,0.46670478238665714,0.14026630205469037
0.6037845075985432,0.3109693589872734,0.8267634407300954
0.31422167207554863,0.5182969766481489,0.8414209368304199
0.26352206648752574,0.5564180713964662,0.07217554052862674
0.8126626533198996,0.029683095041885044,0.9555232700812566
0.9120978028110559,0.7352429632852703,0.7824978425770786
0.18626352469331764,0.24509461805010335,0.24102339919547788
0.24397896238303596,0.4727554537987958,0.46441507542227
0.48690320684894073,0.28010287220028895,0.5250792977589158
0.35586382661748606,0.4019668974149485,0.8906150861697774
0.04678137613577771,0.43069667904432274,0.7160822204615559
0.2961929429587741,0.5646856837606434,0.30576443506259865
0.6635886416380706,0.8530169944168834,0.10020889395249566
0.6134445395688759,0.8501182683514109,0.41809204418001744
0.7595325917307925,0.3059767975988892,0.7462201460213111
0.9308874712492188,0.7300673682816459,0.3965094953915904
0.7884187086766993,0.2350797471995042,0.5835627801441717
0.4178976829820056,0.5653424489484394,0.981382158399898
0.8929595339000302,0.5702301696464878,0.06530642970688139
0.8306695188433079,0.7514572687409379,0.1838527687665048
0.12632459888317304,0.3638941092132514,0.024913222414243652
0.16596074776290837,0.6034794171229816,0.6870028646811704
0.14485574445541538,0.1614170689792801,0.060924035154643175
0.34409012558679486,0.19303703183330434,0.5608774028430682
0.7589330386332506,0.3867871006785212,0.4177974844554486
0.40604548988938427,0.5402855760880395,0.1922366335471123
0.3024441347856347,0.6378976709623538,0.7485396212814218
0.04534713653053579,0.11733625090312394,0.10005202218804676
0.6985954882399642,0.23058657680096195,0.8072551524129824
0.628034609565364,0.026511817398025772,0.5257280067703485
0.0740636315660893,0.3655250024432619,0.6993058919529827
0.2001547814761765,0.4427761421451778,0.3431686716289366
0.737353053617738,0.5070634154905906,0.6445072269297222
0.7296993699308303,0.9371207294387826,0.5724318989926844
0.5295635455875728,0.9853549432104214,0.35183022816703635
0.11239509132504655,0.33675097685782074,0.13041507934037655
0.3931592921423771,0.9415885429630974,0.796672896756136
0.6146363885551671,0.1001816627506481,0.21381844747790768
0.6309664546356737,0.5615165992371935,0.824889993195974
0.2344370705723623,0.49581381800845736,0.26341458230486525
0.38241765059117383,0.9195545229891888,0.47663982285826045
0.6308717732475688,0.9288131730729343,0.9347748523390156
0.008558436259147206,0.7059080333995342,0.04193954077826545
0.13356960955868358,0.5692434931996766,0.5089771765385053
0.5521877135348803,0.2503270770968363,0.04508115525054346
0.3063093307861734,0.5939944442485803,0.8869554200822131
0.14037181219861028,0.4729270179092915,0.2990015507547157
0.09228187566770374,0.8226580607695366,0.8515561796205504
0.8353479641647837,0.3682913647971846,0.866142853628301
0.7249616977374099,0.9645081276953621,0.5383210397546059
0.618336811821866,0.4302436803143822,0.6702883021647873
0.2460727655488938,0.5440347737622291,0.2975504524264405
0.07598225764926592,0.6012571586839767,0.5802711084724951
0.6420581993030273,0.12239945333453439,0.6460885629699599
0.8628568513113053,0.5650312984040449,0.02928198738342591
0.2838430183553339,0.3959789543822875,0.5659321711001074
0.3316372248286211,0.7794801900472003,0.5665106873729993
0.9676709175311994,0.43295646570105983,0.411489955515035
0.7458070390377124,0.7791584198162546,0.0027946880911905447
0.08166331396970272,0.11378322372508898,0.7499411711968699
0.3342076375809978,0.974505883906717,0.2973907627367861
0.2373635166766055,0.12458072435215695,0.12532687946743437
0.4689424023019785,0.7017226605963041,0.295930555040837
0.8207560539551441,0.6351681827519847,0.5069240600011401
0.14320186046653383,0.10714689915742515,0.9406204345672803
0.21158197015185765,0.1997375493426684,0.014787419726041695
0.44818965036136815,0.1055599296213422,0.05444255764067485
0.38386784944789154,0.7449134803151634,0.9605764225665439
0.6661449100004072,0.1933509361917244,0.9982114753875567
0.5372522192004516,0.5212792168043368,0.8686145713723328
0.7105052413240467,0.07609782742527471,0.37403274309136836
0.3885027392207919,0.220908409988117,0.8957882446423774
0.9903228856927554,0.1239431987948364,0.7313188446056034
0.09090753228885573,0.9580155046767239,0.9439279304615092
0.22539504412625966,0.8196663320092016,0.09830652086343239
0.45560425578745933,0.5093343593915441,0.9033359143622414
0.04500884711400133,0.3945792777777686,0.872701383599658
0.9267111186003918,0.24270070034567748,0.8452550947059291
0.7218307045200639,0.15516575778382646,0.8153466734998916
0.6266563087933724,0.5750004597956365,0.3872303174465703
0.36935471274839415,0.9997836694711695,0.1738117860936007
0.007224290730803995,0.7310148744774576,0.015525908011526313
0.6433608302431856,0.19822678764274382,0.9926379004624643
0.9566991934269817,0.9869637860541142,0.6754268284344558
0.9119480646895024,0.9261323104428282,0.5743589907276848
0.07304734874031049,0.1167074209109642,0.4694982309874195
0.5224144591072869,0.9503178830964844,0.7521648116863073
0.9965502788563781,0.09706337067002879,0.2765859230376201
0.5103752811612778,0.8509689890722284,0.5860669047339009
0.7482613494510517,0.3652902087610841,0.26108726038584873
0.31907885190187313,0.6188347319499921,0.019660710515326696
0.8284381799361651,0.1472976459032791,0.8512316731954357
0.9243468824406835,0.46187749027551006,0.16555900843871774
0.8493129033457251,0.9789400744690572,0.09377122521321901
0.3648614756266546,0.8395131756895332,0.2196052298048995
0.7475519122453831,0.38401340895812797,0.6111222600566197
0.9123593575821084,0.38036692775589287,0.39166089623668365
0.6900277958505133,0.6282112329079228,0.14404614866617627
0.9672725414002892,0.7583568572116306,0.6839451464034946
0.4043615339900415,0.4729129622685675,0.8848054634725291
0.8792845617620584,0.28636799683897163,0.7258406014692205
0.2609042757899942,0.5530561126693398,0.608694750276282
0.1606607169244162,0.006698006627558484,0.8898637824462183
0.06647365191336463,0.46781404014245875,0.17445301524747225
0.6158499062890687,0.7752679440732141,0.6400866019490009
0.5285130919649104,0.9028945060282343,0.09841682855767375
0.12793375128199702,0.8963507525302358,0.24487539193766272
0.2650041614315759,0.08654712877995219,0.387541105816369
0.7261253096728122,0.9571214433748868,0.3959128443742712
0.862358087039469,0.9048773954294639,0.6346474431576988
0.19841299114933209,0.08899058439357188,0.08721193627387192
0.9803538896657118,0.41686123634577876,0.5561843913478979
0.5581267965056415,0.3475081988635971,0.5116849230674557
0.9884716396537873,0.873360388380781,0.23876547449308017
0.1453180361718226,0.33035016379841664,0.007544042237169979
0.8349428418477768,0.28025679022422956,0.927510117010087
0.7691845547590687,0.7466926086454857,0.8452689893863514
0.48584294554278074,0.3777561254242279,0.0030505418315589505
0.8811979870235566,0.10590788888390334,0.8127404575628434
0.32888113438703537,0.0888287591008563,0.12521785216207804
0.8300966002654796,0.5410432800015265,0.702880703939392
0.6297158736479475,0.7768136515345505,0.4334854480512542
0.5658292781192232,0.38102561591928585,0.6306650825417254
0.8813777247950442,0.7808695938442431,0.30468676380392656
0.982079651084206,0.7672440519314473,0.38679388280778626
0.637401165517055,0.3122943044511164,0.9764702126902982
0.1491137316648743,0.05789411861554372,0.07899984744361
0.9154228665121703,0.37215691000945605,0.7285807156469885
0.6500668970894321,0.7559558596405126,0.17060540551339776
0.07316820773213284,0.9726588788985008,0.20095163792689363
0.7302440430399255,0.7815037106452688,0.5176545774819982
0.302168972722044,0.052067764708553455,0.46194738646993105
0.7972251570260689,0.7223536878186357,0.6820650090318285
0.0472690898273489,0.40708350067280574,0.5707821043979668
0.6030612690927789,0.6200525881787966,0.2929809625000185
0.6707719846786573,0.89817535043137,0.010258732055098863
0.5395063811662516,0.5257871558441803,0.1785557273188556
0.2459648156779124,0.9900026351088371,0.8992733530559018
0.7435670583100693,0.8531338595546308,0.45951909341182395
0.030611611932197524,0.9170180749337803,0.6642305009205899
0.5365068638165917,0.9677264503173076,0.5610829512317929
0.31436618695364915,0.6451483545515478,0.6802484971979043
0.031671208247998295,0.22939625532831187,0.3102833920224215
0.5967436209233747,0.13309439330511574,0.3812016361335848
0.35070287110669685,0.5244241264384888,0.6748392731884697
0.16205816354073033,0.2696418286214328,0.31341521539604966
0.47355957190190145,0.8753639429552492,0.16214444590383015
0.3288633215133462,0.09262873964215723,0.4658054459370893
0.6844461950548956,0.3675264017487707,0.635581367390214
0.5247146826866365,0.5694259309784618,0.36329134964022347
0.2816891599778041,0.6963996617518539,0.47051753488277503
0.7976615549629356,0.551443003225808,0.4602910761404715
0.29843359484791043,0.35262456542607956,0.7393171365410237
0.7459989416790979,0.4413524183486409,0.28135221633200436
0.22461449906596032,0.051001792306687554,0.3543662930863406
0.7016602805344268,0.15529181499115075,0.8696910984969115
0.16219055668858928,0.22521695705025246,0.9009405151648902
0.8055101238140779,0.15305413738481444,0.24661167113209792
0.5758198662480216,0.995725813230847,0.8645952636264285
0.19093127845675106,0.18613885597692148,0.7057509688857829
0.4146443957727285,0.05201337127993855,0.18595567553834103
0.4082348560470316,0.25983167634490856,0.9326413030025933
0.12325835620282555,0.631007730651264,0.6061492254809254
0.6190510446532617,0.6186495112672293,0.9223721931232278
0.4564846854556116,0.9144910807752435,0.1655724751835158
0.5462178348543567,0.14120747869536754,0.9219810413821758
0.7190395675453849,0.642273555539435,0.910455867020829
0.7662443345763641,0.9952584245313142,0.814843881683897
0.833942910608888,0.9672864031544602,0.5429919295826652
0.9786394577303412,0.3373894259319824,0.24311703784458116
0.8529519440500648,0.30119090825411954,0.15371318194709493
0.9529003448253304,0.3663129932390772,0.6593808332355158
0.14864733402120445,0.28233522260351385,0.5045489831342228
0.027074390396373937,0.6368169117658884,0.04512331959940874
0.4291900378656188,0.23770780924271673,0.8278726513095543
0.48617595626224375,0.5822864164345369,0.03612667558799332
0.742610399465959,0.6965445685749495,0.6860506647545839
0.14086575785086708,0.17325797211985072,0.7436942656673294
0.4002995817103827,0.3526578954738575,0.5595970784183348
0.745006674580466,0.5175570621873615,0.9845398570061256
0.37336318501330745,0.14217189067221936,0.8514704034925006
0.3869528191533207,0.7262277468798006,0.2477202170612387
0.16233217995843896,0.203442753174356,0.1423667811749223
0.516067003445905,0.16180560420966483,0.4112303692669502
0.40315662131949637,0.9421112811901542,0.12241408601670378
0.026758989457367877,0.07032318367389712,0.9774596147062066
0.5604649370935723,0.7674046972134376,0.19746674168693856
0.0641049341311819,0.24337652988971292,0.4666893426773516
0.24110098846601935,0.0952964217571316,0.28893368858874613
0.7466856907811825,0.9563930344452805,0.3861090359063004
0.16016634976704358,0.7592148990234571,0.5245706977703964
