0.78 0.11 0.90 0.00 0.69
0.68 0.34 0.61 0.42 0.97
0.11 0.76 0.58 0.24 0.50
0.23 0.67 0.65 0.50 0.59
0.13 0.72 0.62 0.17 0.55
0.25 0.62 0.56 0.53 0.57
0.50 0.34 0.52 0.12 0.46
0.20 0.66 0.55 0.23 0.57
0.52 0.37 0.60 0.36 0.40
0.37 0.53 0.45 0.40 0.35
0.91 0.00 0.46 0.24 0.65
0.21 0.51 0.47 0.00 0.22
0.42 0.49 0.66 0.26 0.41
0.38 0.49 0.71 0.52 0.32
0.71 0.12 0.58 0.08 0.36
0.97 0.08 0.46 0.54 0.33
0.67 0.36 0.83 0.51 0.34
0.33 0.61 0.33 0.65 0.60
0.99 0.18 0.86 1.00 0.59
0.53 0.58 1.00 0.73 0.61
0.00 1.00 0.87 1.00 0.61
0.45 0.39 0.28 0.10 0.51
0.52 0.34 0.71 0.26 0.31
0.66 0.06 0.57 0.37 0.23
0.42 0.34 0.71 0.54 0.34
0.24 0.61 0.73 0.11 0.36
0.59 0.57 0.62 0.50 0.82
0.58 0.30 0.61 0.63 0.29
0.49 0.54 0.85 0.52 0.54
0.73 0.00 0.40 0.31 0.34
0.45 0.49 0.74 0.64 0.00
0.51 0.24 0.11 0.12 0.46
0.50 0.46 0.53 0.35 0.22
0.50 0.55 0.65 0.83 0.56
0.96 0.16 0.83 0.25 0.29
0.82 0.26 0.76 0.76 0.61
0.75 0.46 0.93 0.70 0.59
0.57 0.21 0.20 0.25 0.39
0.47 0.50 0.74 0.65 0.47
0.81 0.36 1.00 0.74 0.46
0.51 0.57 0.72 0.41 0.58
0.10 1.00 0.91 0.58 0.46
0.74 0.26 0.96 0.00 0.25
0.36 0.79 0.88 0.62 0.34
0.77 0.20 0.63 0.63 0.39
0.20 0.75 0.40 0.11 0.71
0.71 0.27 0.46 0.54 0.31
0.40 0.75 0.73 0.48 0.26
0.00 0.92 0.00 0.40 0.26
0.64 0.10 0.10 0.13 0.25
0.28 0.80 0.14 0.73 0.52
0.59 0.34 0.36 0.20 0.14
0.38 0.59 0.66 0.24 0.00
0.27 0.71 0.34 0.59 0.19
0.75 0.10 0.09 0.86 0.17
0.25 0.85 0.57 0.68 0.82
0.82 0.18 0.61 0.70 0.20
0.27 0.86 0.45 0.52 0.24
0.72 0.28 0.63 0.32 0.36
0.42 0.76 0.76 0.37 0.32
0.35 0.65 0.31 0.35 0.43
0.15 0.77 0.42 0.46 0.17
0.18 0.89 0.07 0.50 0.60
0.34 0.82 0.60 0.71 0.48
0.59 0.37 0.67 0.24 0.17
0.90 0.00 0.38 0.25 0.56
0.19 0.88 0.36 0.79 1.00
0.57 0.52 0.36 0.71 0.28
0.22 0.92 0.87 0.31 0.65
0.26 0.80 0.50 0.17 0.62
0.46 0.57 0.70 0.34 0.42
0.26 0.84 0.68 0.83 0.44
0.00 1.00 0.43 0.48 0.36
0.23 0.65 0.47 0.93 0.36
0.47 0.53 0.83 0.34 0.99
0.10 0.69 0.85 0.50 0.12
0.28 0.65 0.60 0.47 0.00
0.80 0.18 0.31 0.58 0.53
0.33 0.56 0.55 0.44 0.36
0.21 0.68 0.36 1.00 0.24
0.64 0.46 0.47 0.96 1.00
0.17 0.80 0.64 0.79 0.00
0.22 0.86 0.97 0.86 0.91
0.39 0.59 0.59 0.47 0.42
0.11 0.90 0.67 0.66 0.51
0.25 0.70 1.00 0.48 0.28
0.84 0.11 0.54 0.66 0.57
0.26 0.58 0.38 0.82 0.63
0.98 0.05 0.46 0.34 0.95
0.61 0.36 0.93 1.00 0.32
0.39 0.55 0.00 0.29 1.00
0.03 0.83 0.82 0.26 0.17
0.74 0.18 0.46 0.35 0.20
0.00 1.00 1.00 0.69 0.21
0.42 0.45 0.68 0.00 0.63
0.00 0.65 0.00 0.00 0.39
0.00 0.89 0.00 1.00 1.00
1.00 0.00 1.00 0.19 0.61
0.70 0.00 0.00 0.00 0.00
0.90 0.00 0.87 0.74 0.08
