0.48 0.51 0.88
0.67 0.33 0.59
0.36 0.55 0.19
0.18 0.74 0.51
0.64 0.37 0.50
0.20 0.75 0.72
0.80 0.31 0.74
0.37 0.44 0.11
0.41 0.47 0.23
0.44 0.65 0.94
0.62 0.46 0.63
0.53 0.40 0.48
0.40 0.51 0.46
0.39 0.54 0.61
0.10 0.73 0.47
0.37 0.53 0.28
0.53 0.49 0.44
0.54 0.40 0.51
0.67 0.33 0.76
0.83 0.22 0.68
0.76 0.21 0.47
0.49 0.54 0.63
0.50 0.39 0.49
0.42 0.46 0.50
0.75 0.29 0.46
0.37 0.51 0.28
0.71 0.29 0.54
0.60 0.42 0.63
0.35 0.53 0.40
0.47 0.45 0.43
0.46 0.42 0.36
0.39 0.53 0.48
0.35 0.56 0.59
0.76 0.23 0.78
0.29 0.58 0.53
0.21 0.70 0.54
0.68 0.36 0.87
0.35 0.63 0.41
0.60 0.44 0.27
0.35 0.61 0.56
0.60 0.33 0.29
0.70 0.32 0.67
0.18 0.70 0.66
0.45 0.51 0.33
0.24 0.57 0.33
0.61 0.43 0.87
0.58 0.49 0.80
0.34 0.52 0.24
0.48 0.49 0.63
0.47 0.48 0.50
0.47 0.50 0.45
0.34 0.50 0.25
0.37 0.55 0.00
0.73 0.34 0.86
0.85 0.12 0.41
0.51 0.50 0.65
0.50 0.62 0.82
0.73 0.27 0.55
0.41 0.58 0.62
0.26 0.58 0.16
0.48 0.44 0.28
0.83 0.23 0.85
0.75 0.35 0.62
0.17 0.71 0.28
0.34 0.58 0.47
0.52 0.51 0.79
0.50 0.48 0.47
0.60 0.43 0.51
0.19 0.61 0.34
0.69 0.35 0.43
0.65 0.32 0.49
0.13 0.66 0.34
0.51 0.51 0.65
0.71 0.32 0.26
0.71 0.29 0.58
0.23 0.73 0.66
0.66 0.38 0.89
0.55 0.47 0.48
0.55 0.33 0.40
0.56 0.42 0.71
1.00 0.00 0.52
0.72 0.24 0.22
0.76 0.35 0.64
0.76 0.28 0.31
0.18 0.71 0.67
0.27 0.64 0.00
0.49 0.50 0.65
0.00 1.00 0.80
0.61 0.45 0.37
0.05 1.00 0.70
0.08 0.99 0.19
0.85 0.39 0.58
1.00 0.00 0.33
0.87 0.00 0.26
0.56 0.89 1.00
0.00 0.92 0.68
0.00 1.00 0.29
0.23 0.77 0.81
0.00 0.77 0.00
0.48 0.00 1.00
