0.67 0.42 0.66
0.89 0.16 0.59
0.58 0.44 0.43
0.48 0.54 0.43
0.37 0.70 0.59
0.75 0.37 0.81
0.84 0.19 0.50
0.76 0.22 0.35
0.70 0.35 0.58
0.37 0.68 0.45
0.82 0.18 0.41
0.55 0.48 0.48
0.69 0.32 0.41
0.42 0.57 0.33
0.62 0.40 0.44
0.58 0.41 0.36
0.55 0.55 0.71
0.90 0.14 0.59
0.50 0.50 0.34
0.73 0.32 0.55
0.41 0.61 0.41
0.51 0.54 0.49
0.83 0.28 0.75
0.65 0.37 0.46
0.52 0.54 0.57
0.62 0.49 0.75
0.52 0.51 0.48
0.51 0.56 0.59
0.57 0.50 0.58
0.68 0.27 0.24
0.36 0.71 0.53
0.57 0.49 0.58
0.64 0.38 0.42
0.57 0.43 0.39
0.67 0.35 0.46
0.66 0.47 0.79
0.63 0.43 0.58
0.62 0.44 0.61
0.59 0.38 0.27
0.55 0.52 0.58
0.66 0.41 0.60
0.26 0.80 0.53
0.67 0.39 0.56
0.43 0.68 0.70
0.61 0.42 0.46
0.55 0.46 0.43
0.56 0.51 0.62
0.38 0.57 0.16
0.00 1.00 0.27
0.63 0.48 0.74
0.55 0.48 0.47
0.34 0.74 0.64
0.44 0.65 0.64
0.56 0.54 0.72
0.51 0.53 0.51
0.67 0.39 0.61
0.56 0.42 0.34
0.62 0.40 0.47
0.60 0.39 0.38
0.50 0.53 0.45
0.38 0.66 0.49
0.47 0.51 0.29
0.57 0.52 0.71
0.58 0.37 0.21
0.29 0.78 0.52
0.57 0.48 0.57
0.63 0.39 0.45
0.67 0.37 0.52
0.53 0.45 0.31
0.59 0.38 0.27
0.87 0.11 0.32
0.79 0.26 0.57
0.62 0.51 0.83
0.43 0.61 0.54
0.67 0.38 0.57
0.73 0.28 0.49
0.78 0.22 0.44
0.43 0.56 0.32
0.56 0.50 0.56
0.55 0.40 0.21
0.72 0.39 0.83
0.65 0.31 0.26
0.65 0.43 0.68
0.53 0.56 0.64
0.32 0.63 0.19
0.67 0.35 0.48
0.56 0.53 0.71
0.58 0.45 0.50
0.54 0.53 0.59
0.55 0.47 0.41
0.51 0.65 0.90
0.80 0.26 0.63
0.52 0.52 0.52
0.52 0.48 0.35
0.32 0.65 0.26
0.74 0.31 0.57
0.42 0.64 0.55
0.49 0.60 0.66
0.32 0.70 0.42
0.86 0.18 0.56
0.44 0.57 0.42
0.51 0.47 0.30
0.59 0.43 0.43
0.44 0.63 0.62
0.67 0.42 0.68
0.97 0.00 0.33
0.63 0.45 0.70
0.57 0.43 0.40
0.55 0.57 0.81
0.62 0.43 0.59
0.48 0.54 0.51
0.77 0.30 0.64
0.71 0.30 0.45
0.71 0.27 0.40
0.40 0.63 0.45
0.72 0.35 0.69
0.46 0.54 0.41
0.62 0.48 0.75
0.22 0.80 0.42
0.33 0.69 0.43
0.39 0.62 0.41
0.46 0.55 0.40
0.40 0.63 0.47
0.46 0.62 0.64
0.78 0.19 0.32
0.52 0.53 0.59
0.31 0.67 0.29
0.75 0.21 0.30
0.44 0.52 0.24
0.51 0.59 0.75
0.34 0.65 0.36
0.65 0.35 0.43
0.64 0.32 0.32
0.68 0.33 0.46
0.57 0.51 0.65
0.52 0.45 0.34
0.64 0.35 0.39
0.42 0.62 0.50
0.58 0.45 0.51
0.74 0.19 0.22
0.59 0.52 0.78
0.57 0.42 0.36
0.70 0.31 0.47
0.72 0.28 0.40
0.58 0.39 0.32
0.31 0.65 0.24
0.48 0.51 0.35
0.52 0.59 0.77
0.43 0.57 0.37
0.49 0.61 0.73
0.19 0.81 0.37
0.49 0.52 0.37
0.65 0.37 0.52
0.56 0.48 0.54
0.45 0.60 0.57
0.56 0.50 0.62
0.52 0.51 0.49
0.61 0.41 0.45
0.71 0.28 0.38
0.41 0.57 0.31
0.34 0.69 0.50
0.51 0.52 0.53
0.49 0.51 0.38
0.86 0.28 0.92
0.70 0.31 0.50
0.58 0.53 0.74
0.57 0.53 0.73
0.85 0.20 0.58
0.66 0.36 0.49
0.48 0.58 0.61
0.63 0.36 0.39
0.80 0.25 0.61
0.53 0.45 0.34
0.36 0.63 0.34
0.39 0.66 0.53
0.42 0.57 0.35
0.62 0.33 0.29
0.66 0.35 0.42
0.44 0.58 0.46
0.61 0.41 0.47
0.66 0.40 0.63
0.40 0.58 0.30
0.50 0.52 0.49
0.58 0.46 0.51
0.19 0.76 0.16
0.60 0.50 0.71
0.52 0.47 0.37
0.43 0.62 0.54
0.54 0.49 0.49
0.45 0.59 0.52
0.37 0.67 0.49
0.16 0.78 0.15
0.73 0.37 0.76
0.32 0.65 0.28
0.71 0.27 0.32
0.83 0.23 0.64
0.36 0.62 0.32
0.32 0.72 0.49
0.50 0.52 0.45
0.78 0.23 0.51
0.78 0.27 0.59
0.44 0.63 0.61
0.33 0.68 0.43
0.32 0.68 0.37
0.60 0.36 0.28
0.56 0.41 0.32
0.62 0.36 0.37
0.55 0.39 0.21
0.46 0.53 0.36
0.63 0.33 0.30
0.13 0.86 0.29
0.44 0.61 0.58
0.80 0.17 0.37
0.13 0.92 0.53
0.57 0.53 0.74
0.64 0.40 0.53
0.66 0.34 0.39
0.52 0.36 0.00
0.34 0.63 0.21
0.52 0.57 0.68
0.56 0.39 0.19
0.45 0.64 0.66
0.67 0.31 0.32
0.36 0.70 0.54
0.50 0.53 0.45
0.65 0.33 0.31
0.66 0.26 0.11
0.61 0.40 0.43
0.77 0.26 0.49
0.76 0.19 0.20
0.43 0.58 0.38
0.55 0.53 0.64
0.45 0.49 0.14
0.71 0.35 0.65
0.53 0.43 0.24
0.37 0.75 0.76
0.47 0.51 0.24
0.45 0.56 0.39
0.63 0.43 0.58
0.68 0.34 0.48
0.41 0.65 0.55
0.82 0.15 0.31
0.64 0.44 0.64
0.78 0.26 0.57
0.22 0.78 0.34
0.69 0.29 0.29
0.48 0.53 0.37
0.22 0.70 0.04
0.42 0.52 0.16
0.43 0.63 0.58
0.29 0.71 0.31
0.53 0.48 0.40
0.59 0.35 0.13
0.24 0.86 0.65
0.73 0.30 0.46
0.75 0.25 0.41
0.56 0.44 0.37
0.46 0.60 0.59
0.56 0.49 0.55
0.59 0.46 0.55
0.49 0.51 0.37
0.39 0.64 0.44
0.63 0.41 0.55
0.65 0.34 0.31
0.50 0.48 0.32
0.50 0.57 0.62
0.47 0.51 0.27
0.52 0.56 0.66
0.50 0.57 0.62
0.10 0.85 0.13
0.74 0.27 0.45
0.47 0.57 0.48
0.90 0.09 0.38
0.25 0.85 0.71
0.53 0.44 0.23
0.60 0.38 0.32
0.62 0.53 0.90
0.40 0.59 0.33
0.63 0.45 0.63
0.30 0.76 0.53
0.60 0.39 0.33
0.34 0.59 0.07
0.63 0.42 0.56
0.31 0.73 0.49
0.68 0.30 0.28
0.73 0.27 0.39
0.46 0.56 0.46
0.48 0.60 0.67
0.59 0.40 0.36
0.52 0.55 0.61
0.30 0.67 0.20
0.50 0.56 0.56
0.50 0.48 0.34
0.18 0.86 0.42
0.35 0.62 0.25
0.80 0.28 0.68
0.22 0.80 0.41
0.60 0.39 0.34
0.44 0.72 0.93
0.62 0.40 0.47
0.57 0.42 0.34
0.52 0.55 0.61
0.52 0.58 0.72
0.50 0.47 0.27
0.37 0.67 0.52
0.56 0.51 0.61
0.69 0.37 0.59
0.53 0.42 0.18
0.42 0.61 0.45
0.49 0.59 0.63
0.70 0.27 0.31
0.59 0.44 0.51
0.63 0.40 0.50
0.44 0.57 0.39
0.48 0.49 0.25
0.78 0.16 0.21
0.57 0.47 0.52
0.46 0.55 0.41
0.46 0.53 0.33
0.28 0.72 0.33
0.69 0.28 0.27
0.51 0.48 0.36
0.57 0.41 0.30
0.66 0.33 0.37
0.51 0.50 0.42
0.62 0.50 0.82
0.39 0.62 0.39
0.83 0.14 0.32
0.60 0.42 0.46
0.64 0.40 0.53
0.58 0.41 0.36
0.37 0.70 0.58
0.63 0.37 0.40
0.37 0.54 0.06
0.44 0.58 0.40
0.31 0.64 0.15
0.39 0.64 0.43
0.58 0.51 0.70
0.52 0.51 0.47
0.60 0.45 0.53
0.59 0.42 0.43
0.59 0.42 0.39
0.48 0.49 0.28
0.35 0.71 0.52
0.53 0.57 0.71
0.43 0.57 0.33
0.71 0.35 0.63
0.44 0.58 0.39
0.77 0.18 0.23
0.63 0.43 0.58
0.41 0.62 0.45
0.55 0.55 0.72
0.52 0.50 0.46
0.62 0.42 0.49
0.49 0.57 0.57
0.66 0.28 0.17
0.40 0.59 0.27
0.43 0.59 0.43
0.61 0.48 0.68
0.56 0.44 0.37
0.41 0.71 0.74
0.88 0.10 0.33
0.70 0.41 0.80
0.75 0.26 0.45
0.53 0.46 0.35
0.95 0.09 0.55
0.56 0.45 0.39
0.68 0.39 0.60
0.71 0.35 0.59
0.63 0.41 0.50
0.49 0.61 0.67
0.60 0.41 0.36
0.60 0.43 0.49
0.53 0.45 0.27
0.67 0.42 0.73
0.97 0.06 0.57
0.38 0.57 0.17
0.56 0.38 0.21
0.48 0.57 0.55
0.63 0.39 0.46
0.60 0.42 0.47
0.55 0.50 0.56
0.51 0.55 0.56
0.45 0.48 0.09
0.88 0.11 0.36
0.58 0.45 0.46
0.52 0.58 0.70
0.44 0.57 0.37
0.34 0.68 0.40
0.54 0.46 0.38
0.58 0.39 0.25
0.67 0.42 0.70
0.38 0.65 0.45
0.38 0.64 0.43
0.34 0.68 0.40
0.57 0.50 0.64
0.72 0.41 0.83
0.51 0.48 0.33
0.83 0.20 0.51
0.43 0.62 0.52
0.56 0.50 0.56
0.76 0.31 0.67
0.83 0.15 0.32
0.69 0.32 0.46
0.60 0.42 0.43
0.54 0.52 0.57
0.86 0.17 0.52
0.69 0.31 0.40
0.17 0.94 0.67
0.35 0.72 0.56
0.39 0.60 0.31
0.52 0.50 0.43
0.42 0.55 0.26
0.90 0.14 0.55
0.38 0.69 0.57
0.74 0.30 0.52
0.73 0.29 0.46
0.94 0.05 0.42
0.50 0.49 0.31
0.62 0.41 0.46
0.65 0.33 0.30
0.45 0.54 0.34
0.21 0.83 0.48
0.57 0.39 0.24
0.59 0.45 0.54
0.41 0.59 0.36
0.85 0.11 0.29
0.45 0.57 0.40
0.43 0.60 0.44
0.41 0.54 0.19
0.46 0.60 0.56
0.67 0.35 0.47
0.79 0.26 0.56
0.38 0.63 0.39
0.94 0.10 0.56
0.77 0.32 0.72
0.85 0.19 0.56
0.45 0.57 0.43
0.53 0.51 0.47
0.72 0.31 0.52
0.39 0.57 0.20
0.76 0.26 0.47
0.63 0.38 0.43
0.49 0.58 0.61
0.42 0.67 0.65
0.52 0.53 0.50
0.47 0.59 0.55
0.86 0.28 0.92
0.67 0.39 0.62
0.73 0.30 0.50
0.39 0.70 0.67
0.48 0.56 0.51
0.53 0.53 0.58
0.38 0.69 0.57
0.49 0.54 0.48
0.81 0.21 0.49
0.76 0.22 0.31
0.65 0.39 0.51
0.39 0.63 0.44
0.56 0.42 0.32
0.51 0.46 0.24
0.35 0.61 0.18
0.45 0.57 0.42
0.75 0.35 0.77
0.63 0.38 0.45
0.43 0.59 0.41
0.47 0.42 0.00
0.84 0.29 0.90
0.62 0.51 0.82
0.71 0.29 0.36
0.66 0.34 0.39
0.66 0.32 0.31
0.73 0.29 0.44
0.50 0.44 0.11
0.55 0.52 0.58
0.56 0.51 0.61
0.42 0.57 0.31
0.49 0.53 0.41
0.46 0.58 0.48
0.57 0.51 0.63
0.54 0.44 0.32
0.59 0.45 0.56
0.50 0.43 0.11
0.81 0.13 0.21
0.57 0.45 0.47
0.58 0.43 0.41
0.68 0.38 0.61
0.75 0.19 0.22
0.55 0.49 0.52
0.40 0.61 0.40
0.56 0.43 0.32
0.64 0.34 0.31
0.83 0.23 0.58
0.61 0.43 0.50
0.86 0.08 0.21
0.53 0.44 0.27
0.29 0.78 0.54
0.52 0.52 0.53
0.58 0.44 0.42
0.45 0.62 0.57
0.42 0.63 0.53
0.68 0.31 0.32
0.36 0.63 0.29
0.35 0.69 0.51
0.54 0.51 0.53
0.47 0.54 0.41
0.66 0.34 0.38
0.37 0.60 0.23
0.61 0.39 0.37
0.66 0.29 0.20
0.41 0.54 0.21
0.24 0.83 0.55
0.32 0.67 0.33
0.52 0.49 0.39
0.48 0.47 0.19
0.33 0.67 0.30
0.51 0.56 0.61
0.58 0.45 0.48
0.64 0.31 0.22
0.42 0.65 0.58
0.63 0.39 0.44
0.27 0.72 0.32
0.45 0.55 0.34
0.61 0.48 0.70
0.50 0.53 0.47
0.50 0.59 0.67
0.48 0.53 0.38
0.58 0.36 0.17
0.73 0.30 0.48
0.75 0.37 0.84
0.56 0.44 0.35
0.62 0.40 0.47
0.86 0.21 0.65
0.76 0.34 0.72
0.31 0.69 0.33
0.63 0.40 0.47
0.62 0.38 0.38
0.37 0.55 0.05
0.26 0.77 0.45
0.40 0.59 0.28
0.48 0.52 0.34
0.91 0.11 0.51
0.34 0.70 0.47
0.65 0.42 0.63
0.52 0.51 0.46
0.51 0.52 0.43
0.69 0.40 0.68
0.37 0.69 0.54
0.38 0.59 0.21
0.56 0.49 0.52
0.65 0.35 0.41
0.66 0.47 0.83
0.44 0.53 0.25
0.67 0.28 0.20
0.74 0.26 0.41
0.43 0.61 0.47
0.70 0.27 0.25
0.26 0.74 0.26
0.74 0.28 0.48
0.62 0.42 0.55
0.41 0.65 0.54
0.59 0.45 0.53
0.66 0.39 0.57
0.53 0.51 0.51
0.48 0.44 0.10
0.49 0.53 0.44
0.39 0.70 0.65
0.64 0.33 0.29
0.50 0.53 0.44
0.69 0.46 0.91
0.48 0.59 0.62
0.55 0.51 0.57
0.61 0.45 0.60
0.48 0.55 0.48
0.51 0.51 0.39
0.34 0.58 0.06
0.34 0.63 0.24
0.42 0.62 0.47
0.45 0.51 0.23
0.61 0.39 0.39
0.47 0.53 0.34
0.64 0.41 0.55
0.47 0.63 0.67
0.48 0.57 0.54
0.77 0.24 0.46
0.77 0.23 0.43
0.72 0.30 0.43
0.40 0.62 0.41
0.57 0.50 0.61
0.77 0.22 0.36
0.54 0.49 0.49
0.50 0.55 0.54
0.49 0.52 0.35
0.64 0.47 0.79
0.30 0.76 0.54
0.57 0.54 0.75
0.66 0.35 0.39
0.57 0.46 0.47
0.52 0.43 0.19
0.60 0.39 0.33
0.76 0.22 0.31
0.46 0.46 0.06
0.40 0.62 0.39
0.57 0.45 0.45
0.32 0.66 0.24
0.51 0.54 0.56
0.59 0.50 0.67
0.40 0.69 0.65
0.65 0.31 0.28
0.39 0.65 0.47
0.51 0.48 0.33
0.75 0.21 0.28
0.76 0.35 0.75
0.46 0.57 0.47
0.65 0.45 0.74
0.74 0.35 0.67
0.50 0.55 0.54
0.47 0.48 0.15
0.65 0.42 0.65
0.63 0.41 0.53
0.69 0.35 0.54
0.50 0.57 0.63
0.60 0.43 0.45
0.30 0.73 0.41
0.61 0.46 0.63
0.66 0.37 0.53
0.72 0.31 0.49
0.57 0.43 0.37
0.46 0.70 0.90
0.64 0.36 0.41
0.51 0.51 0.43
0.39 0.64 0.46
0.69 0.31 0.41
0.51 0.48 0.32
0.43 0.63 0.57
0.76 0.30 0.62
0.50 0.42 0.08
0.39 0.61 0.32
0.79 0.27 0.61
0.76 0.26 0.47
0.58 0.43 0.43
0.50 0.52 0.41
0.40 0.68 0.66
0.55 0.41 0.21
0.34 0.64 0.27
0.47 0.53 0.36
0.81 0.17 0.36
0.45 0.60 0.53
0.70 0.28 0.32
0.67 0.30 0.29
0.70 0.41 0.82
0.40 0.54 0.10
0.55 0.46 0.40
0.28 0.70 0.23
0.33 0.85 0.98
0.55 0.52 0.67
0.30 0.73 0.41
0.30 0.75 0.47
0.64 0.42 0.60
0.49 0.54 0.44
0.71 0.31 0.46
0.74 0.23 0.26
0.47 0.56 0.43
0.53 0.40 0.10
0.44 0.55 0.32
0.24 0.79 0.42
0.62 0.38 0.40
0.78 0.20 0.31
0.42 0.61 0.47
0.61 0.42 0.45
0.68 0.33 0.44
0.42 0.61 0.39
0.65 0.40 0.55
0.44 0.57 0.36
0.57 0.44 0.41
0.65 0.32 0.29
0.67 0.46 0.83
0.42 0.62 0.53
0.56 0.51 0.62
0.64 0.41 0.57
0.50 0.63 0.79
0.59 0.42 0.40
0.47 0.49 0.22
0.74 0.27 0.44
0.32 0.74 0.52
0.24 0.69 0.05
0.74 0.30 0.54
0.34 0.64 0.26
0.66 0.36 0.43
0.66 0.34 0.38
0.17 0.87 0.46
0.59 0.34 0.14
0.32 0.71 0.43
0.59 0.39 0.33
0.47 0.52 0.27
0.76 0.33 0.72
0.37 0.54 0.00
0.33 0.64 0.17
0.52 0.56 0.64
0.66 0.42 0.60
0.52 0.58 0.73
0.26 0.80 0.51
0.72 0.28 0.34
0.73 0.28 0.39
0.47 0.55 0.38
0.23 0.85 0.55
0.83 0.16 0.36
0.66 0.36 0.44
0.72 0.30 0.45
0.38 0.57 0.10
0.41 0.67 0.59
0.55 0.52 0.58
0.35 0.66 0.35
0.70 0.36 0.59
0.69 0.38 0.58
0.53 0.54 0.57
0.59 0.44 0.44
0.65 0.38 0.47
0.72 0.32 0.52
0.54 0.51 0.50
0.60 0.47 0.57
0.51 0.61 0.75
0.33 0.68 0.27
0.43 0.64 0.54
0.39 0.67 0.51
0.47 0.61 0.60
0.70 0.22 0.06
0.61 0.46 0.62
0.44 0.64 0.63
0.45 0.53 0.25
0.67 0.40 0.58
0.52 0.54 0.54
0.70 0.26 0.21
0.54 0.48 0.37
0.41 0.66 0.58
0.61 0.39 0.34
0.25 0.79 0.38
0.39 0.68 0.59
0.54 0.37 0.02
0.25 0.78 0.37
0.63 0.50 0.86
0.44 0.59 0.39
0.83 0.27 0.74
0.63 0.40 0.44
0.44 0.58 0.35
0.70 0.41 0.76
0.45 0.63 0.60
0.27 0.76 0.39
0.90 0.20 0.74
0.32 0.73 0.49
0.20 0.83 0.38
0.55 0.50 0.55
0.42 0.58 0.32
0.38 0.70 0.58
0.48 0.59 0.58
0.52 0.59 0.73
0.53 0.44 0.22
0.65 0.31 0.21
0.33 0.62 0.10
0.51 0.52 0.46
0.64 0.44 0.63
0.30 0.78 0.59
0.60 0.34 0.12
0.66 0.33 0.31
0.58 0.46 0.49
0.71 0.30 0.41
0.56 0.56 0.76
0.81 0.23 0.54
0.63 0.42 0.49
0.48 0.52 0.33
0.32 0.74 0.52
0.49 0.58 0.54
0.34 0.66 0.26
0.38 0.67 0.45
0.47 0.52 0.31
0.26 0.83 0.61
0.53 0.48 0.39
0.72 0.31 0.49
0.69 0.30 0.30
0.60 0.42 0.43
0.73 0.37 0.72
0.50 0.55 0.50
0.63 0.44 0.58
0.57 0.41 0.26
0.58 0.44 0.43
0.50 0.45 0.12
0.54 0.41 0.13
0.53 0.49 0.40
0.54 0.37 0.00
0.29 0.75 0.44
0.48 0.52 0.27
0.70 0.34 0.49
0.36 0.67 0.36
0.86 0.08 0.14
0.48 0.54 0.38
0.42 0.66 0.60
0.55 0.51 0.52
0.50 0.49 0.30
0.53 0.46 0.29
0.58 0.43 0.38
0.31 0.72 0.38
0.41 0.58 0.29
0.57 0.44 0.36
0.68 0.33 0.38
0.64 0.32 0.17
0.46 0.52 0.26
0.50 0.48 0.25
0.62 0.38 0.35
0.19 0.94 0.74
0.43 0.65 0.63
0.58 0.45 0.44
0.41 0.58 0.25
0.45 0.52 0.22
0.43 0.64 0.60
0.50 0.51 0.34
0.53 0.51 0.47
0.32 0.70 0.33
0.45 0.59 0.44
0.57 0.38 0.13
0.56 0.36 0.01
0.66 0.44 0.75
0.49 0.58 0.56
0.49 0.61 0.66
0.58 0.42 0.32
0.40 0.63 0.45
0.88 0.16 0.53
0.70 0.25 0.12
0.57 0.50 0.60
0.44 0.63 0.55
0.83 0.18 0.41
0.65 0.29 0.14
0.61 0.45 0.58
0.36 0.67 0.40
0.37 0.64 0.36
0.41 0.66 0.56
0.38 0.63 0.31
0.61 0.36 0.27
0.76 0.24 0.38
0.42 0.60 0.41
0.51 0.45 0.16
0.62 0.39 0.38
0.47 0.58 0.51
0.61 0.46 0.63
0.51 0.52 0.45
0.48 0.62 0.69
0.62 0.42 0.48
0.38 0.63 0.32
0.62 0.44 0.59
0.45 0.59 0.42
0.36 0.72 0.60
0.53 0.60 0.75
0.62 0.36 0.28
0.60 0.45 0.53
0.58 0.46 0.54
0.62 0.39 0.35
0.61 0.44 0.51
0.50 0.56 0.55
0.59 0.43 0.41
0.39 0.62 0.34
0.50 0.60 0.71
0.59 0.51 0.73
0.55 0.50 0.55
0.45 0.66 0.69
0.52 0.56 0.62
0.57 0.51 0.63
0.64 0.36 0.30
0.73 0.31 0.52
0.58 0.35 0.07
0.85 0.10 0.24
0.50 0.60 0.67
0.77 0.24 0.40
0.00 1.00 0.21
0.07 0.85 0.22
0.81 0.20 0.45
0.22 0.79 0.53
0.48 0.54 0.49
0.40 0.53 0.23
0.70 0.28 0.37
0.60 0.34 0.27
0.51 0.48 0.38
0.47 0.60 0.68
0.34 0.66 0.46
0.36 0.61 0.35
0.11 0.84 0.34
0.30 0.59 0.11
0.39 0.59 0.38
0.23 0.73 0.37
0.13 0.87 0.50
0.13 0.86 0.46
0.19 0.76 0.32
0.19 0.70 0.12
0.39 0.55 0.28
0.58 0.42 0.42
0.52 0.33 0.00
0.57 0.51 0.69
0.42 0.65 0.66
0.48 0.47 0.21
0.25 0.70 0.27
0.44 0.51 0.26
0.45 0.59 0.53
0.89 0.12 0.39
0.44 0.56 0.41
0.60 0.46 0.62
0.37 0.62 0.37
0.05 0.85 0.07
0.65 0.30 0.23
0.38 0.64 0.50
0.48 0.57 0.55
0.37 0.68 0.60
0.46 0.46 0.13
0.28 0.79 0.64
0.55 0.43 0.31
0.49 0.61 0.71
0.73 0.36 0.73
0.94 0.06 0.37
0.37 0.64 0.45
0.75 0.22 0.24
0.55 0.56 0.77
0.36 0.61 0.31
0.22 0.74 0.25
0.36 0.54 0.04
0.40 0.59 0.40
0.80 0.16 0.23
0.59 0.37 0.21
0.51 0.44 0.24
0.46 0.56 0.48
0.53 0.44 0.29
0.60 0.40 0.39
0.54 0.47 0.42
0.55 0.44 0.35
0.78 0.27 0.54
0.41 0.62 0.54
0.69 0.33 0.48
0.19 0.85 0.54
0.67 0.35 0.46
0.43 0.49 0.16
0.26 0.79 0.59
0.49 0.47 0.29
0.32 0.67 0.34
0.66 0.35 0.39
0.38 0.63 0.49
0.51 0.68 1.00
0.45 0.52 0.34
0.59 0.42 0.47
0.12 0.78 0.09
0.75 0.35 0.82
0.35 0.63 0.41
0.59 0.39 0.43
0.44 0.60 0.64
0.03 1.00 0.65
0.50 0.53 0.44
0.08 0.94 0.32
0.37 0.63 0.32
0.29 0.84 0.78
0.34 0.62 0.15
0.63 0.46 0.73
0.43 0.65 0.64
0.87 0.28 1.00
0.53 0.49 0.51
0.51 0.49 0.33
0.53 0.46 0.33
0.51 0.49 0.43
0.00 1.00 0.28
0.19 0.82 0.39
0.14 0.90 0.52
0.55 0.49 0.58
0.55 0.49 0.55
0.39 0.70 0.76
0.69 0.30 0.43
0.39 0.66 0.55
0.14 0.84 0.25
0.14 0.87 0.38
0.43 0.69 0.90
0.17 0.89 0.56
0.24 0.66 0.00
0.43 0.66 0.75
0.52 0.42 0.13
0.48 0.46 0.09
0.40 0.60 0.25
0.32 0.78 0.76
0.27 0.69 0.10
0.15 0.95 0.75
0.58 0.40 0.29
0.32 0.71 0.46
0.47 0.60 0.68
0.00 1.00 0.26
1.00 0.00 0.46
0.28 0.78 0.32
0.19 0.88 0.27
0.79 0.37 0.93
0.51 0.49 0.40
0.57 0.57 0.75
0.75 0.20 0.56
0.52 0.51 0.53
0.47 0.50 0.39
0.49 0.31 0.05
0.00 1.00 0.00
0.53 0.00 0.00
0.00 0.74 1.00
0.00 0.00 0.00
