0.53 0.44 0.56 0.54
0.28 0.88 0.66 0.94
0.47 0.61 0.66 0.82
0.30 0.62 0.17 0.52
0.37 0.35 0.14 0.01
0.51 0.66 0.90 0.88
0.69 0.39 0.53 0.91
0.40 0.64 0.95 0.47
0.61 0.29 0.62 0.37
0.57 0.37 0.85 0.36
0.44 0.48 0.78 0.26
0.50 0.54 0.79 0.56
0.20 0.80 0.51 0.57
0.14 0.79 0.42 0.35
0.57 0.43 0.64 0.65
0.22 0.75 0.63 0.34
0.55 0.56 0.55 1.00
0.80 0.12 0.25 0.85
0.62 0.31 0.63 0.44
0.80 0.18 0.77 0.71
0.71 0.38 0.80 0.99
0.68 0.35 0.96 0.56
0.41 0.62 0.58 0.68
0.79 0.08 0.59 0.49
0.70 0.17 0.33 0.60
0.58 0.30 0.43 0.45
0.44 0.46 0.38 0.47
0.91 0.11 0.85 0.77
0.24 0.75 0.65 0.45
0.36 0.56 0.66 0.47
0.15 0.83 0.47 0.53
0.84 0.03 0.65 0.46
0.27 0.81 0.64 0.82
0.76 0.13 0.68 0.31
0.95 0.01 0.69 0.65
0.69 0.23 0.32 0.70
0.58 0.47 0.69 0.79
0.74 0.23 0.51 0.69
0.60 0.46 0.52 0.96
0.51 0.22 0.45 0.00
0.51 0.53 0.70 0.77
0.45 0.59 0.88 0.55
0.75 0.23 0.74 0.63
0.47 0.46 0.33 0.62
0.69 0.30 0.61 0.69
0.87 0.00 0.54 0.56
0.26 0.68 0.34 0.60
0.14 0.73 0.51 0.00
0.27 0.72 0.47 0.60
0.11 0.91 0.56 0.65
0.55 0.52 0.80 0.80
0.24 0.80 0.42 0.92
0.73 0.18 0.75 0.44
0.65 0.19 0.39 0.46
0.48 0.49 0.76 0.55
0.22 0.73 0.45 0.45
0.46 0.41 0.66 0.20
0.69 0.30 0.84 0.68
0.55 0.47 0.49 1.00
0.00 0.92 0.35 0.29
0.39 0.66 0.72 0.96
0.16 0.78 0.48 0.48
0.33 0.60 0.34 0.68
0.45 0.45 0.45 0.66
0.24 0.60 0.48 0.27
0.20 0.69 0.33 0.55
0.61 0.29 0.78 0.39
0.58 0.32 0.52 0.51
0.92 0.06 0.46 1.00
0.74 0.19 1.00 0.50
0.00 0.97 0.87 0.23
0.39 0.36 0.44 0.01
0.61 0.33 0.67 0.76
0.49 0.34 0.33 0.39
0.20 0.79 0.67 0.71
0.29 0.65 0.79 0.60
0.27 0.80 0.68 0.87
0.37 0.38 0.30 0.02
0.73 0.24 0.98 0.55
0.17 0.76 0.51 0.46
0.84 0.00 0.86 0.30
0.64 0.19 0.31 0.66
0.75 0.27 1.00 0.82
0.32 0.57 0.87 0.27
0.57 0.41 1.00 0.62
0.03 0.98 0.68 0.67
0.55 0.23 0.48 0.15
0.74 0.24 0.85 0.90
0.44 0.46 0.77 0.31
0.65 0.23 0.64 0.51
0.47 0.47 0.77 0.67
0.81 0.12 0.45 0.81
0.25 0.71 0.57 0.77
0.62 0.31 0.95 0.48
0.00 1.00 0.76 0.71
0.47 0.74 0.86 1.00
1.00 0.00 0.92 1.00
0.26 0.70 0.64 0.38
0.83 0.00 0.77 0.26
0.00 0.45 0.00 0.00
