0.60 0.35
0.41 0.51
0.42 0.56
0.71 0.35
0.25 0.72
0.69 0.41
0.73 0.35
0.43 0.56
0.48 0.61
0.65 0.38
0.29 0.72
0.27 0.64
0.57 0.43
0.53 0.44
0.32 0.65
0.33 0.58
0.60 0.28
0.54 0.44
0.55 0.47
0.26 0.76
0.43 0.56
0.62 0.33
0.37 0.65
0.42 0.62
0.30 0.67
0.40 0.54
0.37 0.64
0.37 0.60
0.57 0.41
0.54 0.48
0.76 0.39
0.41 0.53
0.55 0.40
0.33 0.64
0.49 0.51
0.33 0.56
0.47 0.53
0.54 0.38
0.46 0.49
0.55 0.53
0.57 0.46
0.65 0.39
0.47 0.48
0.37 0.65
0.48 0.52
0.35 0.62
0.62 0.42
0.23 0.78
0.58 0.46
0.37 0.54
0.40 0.57
0.30 0.63
0.35 0.66
0.17 0.79
0.48 0.47
0.62 0.35
0.43 0.53
0.38 0.55
0.75 0.25
0.39 0.64
0.46 0.57
0.46 0.56
0.32 0.53
0.16 0.77
0.50 0.50
0.58 0.45
0.83 0.21
0.64 0.39
0.43 0.61
0.40 0.60
0.27 0.62
0.38 0.57
0.70 0.30
0.63 0.38
0.47 0.51
0.49 0.58
0.41 0.58
0.26 0.73
0.58 0.51
0.34 0.64
0.37 0.57
0.38 0.61
0.47 0.53
0.37 0.51
0.55 0.42
0.54 0.44
0.45 0.55
0.47 0.58
0.49 0.50
0.42 0.48
0.43 0.61
0.55 0.37
0.59 0.43
0.36 0.62
0.30 0.70
0.41 0.55
0.57 0.40
0.13 0.79
0.44 0.57
0.60 0.42
0.56 0.44
0.21 0.81
0.54 0.40
0.57 0.39
0.33 0.64
0.51 0.53
0.21 0.74
0.68 0.38
0.46 0.50
0.62 0.41
0.67 0.32
0.33 0.60
0.60 0.43
0.79 0.33
0.34 0.59
0.27 0.67
0.67 0.35
0.28 0.73
0.69 0.35
0.36 0.59
0.57 0.40
0.85 0.16
0.55 0.38
0.30 0.71
0.24 0.79
0.28 0.62
0.73 0.24
0.30 0.71
0.61 0.42
0.28 0.72
0.53 0.46
0.44 0.48
0.49 0.51
0.45 0.58
0.22 0.76
0.55 0.46
0.44 0.55
0.44 0.56
0.61 0.39
0.44 0.58
0.38 0.58
0.38 0.64
0.62 0.34
0.15 0.74
0.61 0.45
0.57 0.41
0.27 0.76
0.27 0.71
0.69 0.41
0.51 0.45
0.33 0.66
0.69 0.30
0.77 0.28
0.46 0.55
0.34 0.65
0.10 0.90
0.51 0.52
0.82 0.16
0.31 0.74
0.58 0.54
0.39 0.55
0.46 0.52
0.34 0.66
0.27 0.64
0.60 0.39
0.51 0.48
0.69 0.31
0.36 0.62
0.45 0.56
0.56 0.41
0.61 0.37
0.40 0.69
0.72 0.25
0.34 0.55
0.63 0.45
0.49 0.57
0.53 0.52
0.40 0.51
0.42 0.65
0.36 0.61
0.44 0.53
0.53 0.47
0.08 0.80
0.37 0.56
0.67 0.34
0.62 0.46
0.40 0.59
0.43 0.62
0.53 0.50
0.09 0.91
0.50 0.59
0.39 0.65
0.51 0.40
0.53 0.52
0.75 0.26
0.39 0.56
0.56 0.45
0.36 0.56
0.64 0.39
0.35 0.57
0.64 0.40
0.49 0.49
0.56 0.42
0.52 0.46
0.77 0.33
0.56 0.52
0.38 0.62
0.54 0.47
0.53 0.47
0.51 0.44
0.65 0.43
0.56 0.44
0.38 0.59
0.72 0.30
0.46 0.50
0.42 0.61
0.59 0.47
0.55 0.37
0.41 0.58
0.56 0.46
0.32 0.68
0.41 0.60
0.53 0.43
0.67 0.29
0.29 0.73
0.26 0.70
0.55 0.45
0.56 0.46
0.63 0.35
0.43 0.55
0.30 0.69
0.46 0.55
0.59 0.44
0.65 0.42
0.41 0.63
0.41 0.63
0.23 0.76
0.59 0.36
0.40 0.54
0.41 0.58
0.44 0.47
0.28 0.68
0.72 0.30
0.54 0.49
0.40 0.59
0.54 0.46
0.60 0.35
0.32 0.65
0.43 0.52
0.23 0.68
0.39 0.55
0.41 0.59
0.43 0.54
0.31 0.62
0.43 0.59
0.37 0.51
0.31 0.69
0.28 0.76
0.33 0.60
0.42 0.59
0.43 0.45
0.54 0.54
0.34 0.61
0.54 0.46
0.76 0.34
0.40 0.56
0.54 0.47
0.59 0.41
0.34 0.61
0.63 0.35
0.42 0.58
0.37 0.61
0.29 0.66
0.55 0.36
0.49 0.53
0.57 0.49
0.50 0.49
0.33 0.60
0.36 0.61
0.39 0.63
0.21 0.70
0.46 0.57
0.31 0.68
0.71 0.33
0.43 0.61
0.48 0.52
0.41 0.50
0.55 0.42
0.57 0.44
0.47 0.54
0.36 0.54
0.54 0.43
0.48 0.56
0.41 0.60
0.20 0.77
0.42 0.59
0.54 0.49
0.54 0.49
0.34 0.70
0.23 0.73
0.43 0.49
0.44 0.50
0.32 0.51
0.41 0.61
0.52 0.47
0.38 0.66
0.39 0.53
0.60 0.39
0.43 0.60
0.40 0.58
0.35 0.61
0.31 0.63
0.53 0.49
0.30 0.62
0.33 0.65
0.44 0.59
0.45 0.61
0.60 0.45
0.54 0.39
0.30 0.68
0.69 0.28
0.42 0.60
0.61 0.43
0.22 0.83
0.50 0.56
0.38 0.53
0.32 0.64
0.37 0.63
0.69 0.35
0.61 0.42
0.64 0.31
0.52 0.50
0.45 0.55
0.73 0.23
0.45 0.50
0.50 0.51
0.61 0.43
0.45 0.54
0.62 0.41
0.55 0.54
0.17 0.82
0.46 0.55
0.31 0.69
0.51 0.52
0.68 0.33
0.37 0.60
0.46 0.48
0.42 0.60
0.47 0.56
0.62 0.35
0.32 0.64
0.64 0.37
0.51 0.56
0.26 0.79
0.25 0.78
0.49 0.52
0.50 0.52
0.49 0.56
0.56 0.45
0.36 0.56
0.30 0.64
0.48 0.49
0.29 0.67
0.21 0.75
0.56 0.46
0.71 0.20
0.40 0.57
0.67 0.39
0.47 0.51
0.33 0.64
0.48 0.41
0.47 0.51
0.49 0.51
0.27 0.78
0.32 0.64
0.29 0.68
0.25 0.79
0.56 0.44
0.35 0.62
0.48 0.52
0.27 0.68
0.49 0.46
0.42 0.55
0.31 0.73
0.58 0.42
0.53 0.47
0.43 0.57
0.61 0.40
0.60 0.45
0.38 0.67
0.53 0.48
0.63 0.37
0.14 0.81
0.54 0.56
0.82 0.29
0.54 0.51
0.57 0.43
0.43 0.54
0.48 0.52
0.35 0.61
0.09 0.85
0.65 0.39
0.37 0.58
0.48 0.55
0.29 0.69
0.53 0.47
0.46 0.55
0.52 0.47
0.33 0.70
0.43 0.53
0.40 0.49
0.29 0.71
0.52 0.47
0.15 0.82
0.61 0.41
0.21 0.77
0.56 0.44
0.38 0.55
0.41 0.60
0.57 0.37
0.43 0.62
0.60 0.43
0.55 0.52
0.44 0.54
0.37 0.68
0.43 0.51
0.33 0.63
0.56 0.53
0.51 0.49
0.37 0.62
0.60 0.35
0.50 0.49
0.47 0.47
0.28 0.68
0.45 0.53
0.34 0.57
0.32 0.63
0.49 0.47
0.50 0.59
0.25 0.70
0.61 0.42
0.71 0.35
0.64 0.42
0.29 0.68
0.41 0.57
0.25 0.81
0.37 0.55
0.62 0.39
0.48 0.52
0.42 0.57
0.41 0.61
0.42 0.58
0.81 0.28
0.42 0.58
0.33 0.65
0.59 0.37
0.24 0.83
0.30 0.66
0.53 0.48
0.68 0.35
0.36 0.66
0.63 0.39
0.43 0.57
0.31 0.62
0.50 0.47
0.34 0.71
0.38 0.68
0.46 0.55
0.46 0.49
0.64 0.40
0.34 0.65
0.32 0.64
0.60 0.39
0.48 0.50
0.31 0.63
0.36 0.65
0.37 0.53
0.47 0.53
0.34 0.72
0.67 0.36
0.47 0.50
0.45 0.51
0.66 0.40
0.47 0.48
0.66 0.35
0.64 0.34
0.46 0.54
0.47 0.52
0.72 0.31
0.27 0.74
0.34 0.68
0.34 0.70
0.51 0.50
0.32 0.70
0.47 0.48
0.43 0.55
0.26 0.67
0.40 0.56
0.40 0.61
0.42 0.44
0.35 0.59
0.44 0.53
0.32 0.57
0.55 0.49
0.36 0.62
0.35 0.53
0.56 0.35
0.36 0.62
0.45 0.48
0.48 0.56
0.20 0.66
0.66 0.40
0.58 0.43
0.26 0.74
0.37 0.61
0.41 0.56
0.22 0.72
0.57 0.50
0.48 0.55
0.29 0.69
0.30 0.69
0.19 0.78
0.54 0.49
0.52 0.51
0.61 0.38
0.39 0.56
0.00 1.00
0.27 0.68
0.41 0.58
0.51 0.53
0.36 0.59
0.65 0.25
0.46 0.58
0.36 0.72
0.17 0.83
0.42 0.62
0.65 0.40
0.22 0.79
0.76 0.36
0.53 0.50
0.68 0.36
0.38 0.54
0.27 0.74
0.60 0.46
0.80 0.19
0.42 0.57
0.47 0.52
0.61 0.42
0.58 0.43
0.49 0.48
0.59 0.37
0.48 0.56
0.54 0.51
0.41 0.51
0.53 0.47
0.74 0.32
0.52 0.49
0.46 0.53
0.17 0.84
0.74 0.33
0.53 0.56
0.58 0.48
0.52 0.52
0.35 0.61
0.42 0.63
0.27 0.64
0.46 0.50
0.32 0.57
0.23 0.67
0.85 0.27
0.57 0.42
0.56 0.50
0.25 0.70
0.39 0.70
0.51 0.48
0.42 0.59
0.30 0.60
0.48 0.52
0.62 0.47
0.50 0.38
0.40 0.52
0.67 0.39
0.27 0.76
0.35 0.59
0.46 0.48
0.45 0.55
0.43 0.53
0.61 0.40
0.36 0.65
0.34 0.66
0.41 0.64
0.50 0.55
0.20 0.77
0.59 0.42
0.46 0.54
0.28 0.77
0.45 0.56
0.33 0.68
0.37 0.58
0.67 0.39
0.48 0.56
0.60 0.40
0.09 0.88
0.51 0.53
0.75 0.27
0.62 0.35
0.53 0.48
0.59 0.32
0.42 0.62
0.27 0.69
0.40 0.56
0.70 0.30
0.34 0.63
0.43 0.58
0.74 0.34
0.59 0.42
0.82 0.24
0.37 0.63
0.51 0.44
0.26 0.73
0.50 0.59
0.68 0.35
0.41 0.59
0.57 0.50
0.43 0.56
0.32 0.67
0.44 0.51
0.55 0.48
0.49 0.58
0.51 0.43
0.13 0.83
0.42 0.61
0.42 0.49
0.18 0.72
0.55 0.48
0.87 0.13
0.65 0.42
0.53 0.44
0.48 0.54
0.52 0.48
0.46 0.52
0.60 0.43
0.71 0.37
0.74 0.29
0.49 0.57
0.52 0.50
0.67 0.34
0.61 0.49
0.75 0.30
0.83 0.25
0.45 0.57
0.35 0.64
0.68 0.34
0.26 0.69
0.51 0.48
0.79 0.28
0.30 0.71
0.72 0.37
0.41 0.66
0.68 0.34
0.45 0.56
0.08 0.86
0.26 0.79
0.52 0.49
0.00 1.00
0.42 0.55
0.46 0.63
0.30 0.77
0.50 0.53
0.56 0.43
0.26 0.72
0.67 0.41
0.49 0.66
0.32 0.58
0.38 0.63
0.21 0.83
0.45 0.55
0.24 0.66
0.32 0.62
0.22 0.79
0.05 0.89
0.43 0.59
0.60 0.44
0.68 0.42
0.52 0.47
0.40 0.60
0.58 0.38
0.58 0.42
0.34 0.75
0.32 0.71
0.61 0.45
0.49 0.50
0.35 0.63
0.49 0.54
0.25 0.78
0.12 0.84
0.26 0.73
0.63 0.50
0.27 0.73
0.76 0.30
0.25 0.72
0.27 0.69
0.48 0.55
0.63 0.38
0.44 0.54
0.42 0.59
0.53 0.45
0.50 0.58
0.41 0.64
0.28 0.65
0.48 0.58
0.27 0.81
0.24 0.78
0.32 0.63
0.12 0.89
0.34 0.65
0.47 0.55
0.49 0.57
0.61 0.33
0.34 0.63
0.36 0.73
0.44 0.48
0.61 0.40
0.98 0.07
0.46 0.53
0.37 0.58
0.51 0.48
0.41 0.65
0.46 0.54
0.34 0.75
0.56 0.46
0.23 0.82
0.76 0.24
0.47 0.50
0.30 0.68
0.32 0.69
0.51 0.61
0.40 0.60
0.37 0.74
0.10 0.91
0.53 0.53
0.39 0.60
0.42 0.57
0.40 0.59
0.33 0.69
0.34 0.71
0.53 0.46
0.48 0.50
0.36 0.64
0.37 0.54
0.59 0.46
0.35 0.70
0.24 0.75
0.60 0.37
0.57 0.39
0.58 0.41
0.46 0.58
0.45 0.55
0.47 0.53
0.21 0.82
0.49 0.54
0.43 0.52
0.46 0.56
0.50 0.55
0.46 0.53
0.40 0.57
0.26 0.74
0.43 0.51
0.44 0.60
0.59 0.50
0.70 0.33
0.37 0.52
0.42 0.63
0.35 0.61
0.33 0.71
0.28 0.73
0.36 0.65
0.59 0.42
0.64 0.41
0.61 0.38
0.22 0.76
0.48 0.56
0.57 0.45
0.60 0.52
0.62 0.52
0.72 0.35
0.40 0.64
0.54 0.41
1.00 0.00
0.33 0.73
0.32 0.80
0.47 0.57
0.51 0.58
0.00 1.00
0.39 0.61
0.46 0.58
0.15 0.79
0.51 0.46
0.33 0.66
0.46 0.62
0.37 0.69
0.75 0.30
0.23 0.79
0.60 0.51
0.35 0.67
0.52 0.53
0.73 0.37
0.60 0.49
1.00 0.00
0.84 0.23
0.11 1.00
0.66 0.38
0.61 0.43
0.74 0.35
0.33 0.70
0.43 0.64
0.38 0.72
0.27 0.67
0.42 0.69
0.41 0.61
0.49 0.41
0.08 0.87
0.73 0.40
0.25 0.87
0.66 0.46
0.99 0.12
0.42 0.59
1.00 0.00
0.97 0.00
0.34 0.73
0.55 0.51
0.29 0.76
0.47 0.41
0.38 0.58
0.53 0.54
0.72 0.29
0.21 0.91
0.24 0.77
0.12 0.92
0.80 0.24
0.13 0.96
0.70 0.31
0.43 0.66
0.41 0.66
0.69 0.36
0.49 0.58
0.62 0.42
0.28 0.78
0.87 0.10
0.46 0.68
0.81 0.14
0.44 0.51
0.88 0.30
0.29 0.60
0.59 0.45
0.19 0.81
0.53 0.61
0.37 0.67
0.56 0.50
0.60 0.38
0.43 0.54
0.77 0.26
0.71 0.27
0.47 0.55
0.42 0.65
0.38 0.71
0.67 0.33
0.86 0.12
1.00 0.00
0.38 0.78
0.13 0.89
0.43 0.63
0.68 0.39
0.68 0.33
0.50 0.49
0.69 0.45
0.61 0.50
0.57 0.57
0.81 0.19
0.69 0.41
0.85 0.16
0.60 0.47
0.58 0.42
0.94 0.10
0.14 0.89
0.42 0.64
0.62 0.44
0.33 0.57
0.57 0.52
0.54 0.52
0.53 0.51
0.90 0.08
0.69 0.27
0.12 0.87
0.17 0.92
0.36 0.69
0.34 0.67
0.58 0.53
0.25 0.82
0.22 0.76
0.65 0.30
0.86 0.16
0.59 0.47
0.24 0.66
0.91 0.23
0.63 0.34
0.29 0.73
0.63 0.60
0.65 0.40
0.46 0.49
0.71 0.30
0.34 0.73
0.65 0.45
0.88 0.30
0.38 0.63
0.22 0.61
0.39 0.64
0.65 0.48
0.77 0.21
0.59 0.54
0.63 0.44
0.52 0.56
0.45 0.57
0.86 0.14
0.60 0.38
0.77 0.22
0.41 0.60
0.40 0.78
0.45 0.64
0.91 0.23
0.78 0.36
0.50 0.49
0.79 0.19
0.85 0.25
0.68 0.38
0.53 0.43
0.42 0.66
0.63 0.54
0.58 0.62
0.28 0.79
0.36 0.73
0.62 0.55
0.58 0.42
0.68 0.50
0.12 0.87
0.32 0.64
0.60 0.41
0.89 0.08
0.67 0.26
0.20 0.92
0.78 0.22
0.66 0.57
0.47 0.51
0.52 0.49
0.34 0.62
0.63 0.43
0.65 0.39
0.53 0.65
0.34 0.64
0.51 0.49
0.29 0.74
0.16 0.95
0.49 0.45
0.55 0.45
0.00 1.00
0.28 0.70
0.83 0.12
0.42 0.74
0.38 0.83
0.00 1.00
0.42 0.64
0.09 1.00
0.24 0.85
0.48 0.66
1.00 0.00
0.75 0.32
0.26 0.75
0.54 0.49
0.65 0.57
0.63 0.41
0.50 0.59
0.57 0.65
1.00 0.13
0.60 0.51
0.70 0.36
0.32 0.79
0.43 0.84
0.46 0.76
0.64 0.38
0.15 1.00
0.60 0.52
0.57 0.58
0.36 0.74
0.68 0.41
1.00 0.00
0.80 0.00
0.91 0.03
0.00 1.00
0.34 0.17
0.47 0.00
