0.48 0.45 0.29 0.50 0.41
0.39 0.67 0.56 0.52 0.63
0.44 0.77 0.67 0.78 0.62
0.20 0.81 0.32 0.56 0.70
0.45 0.59 0.50 0.67 0.28
0.29 0.81 0.35 0.75 0.69
0.38 0.74 0.67 0.66 0.53
0.44 0.56 0.22 0.46 0.49
0.50 0.60 0.83 0.40 0.32
0.65 0.32 0.49 0.39 0.59
0.46 0.60 0.73 0.15 0.71
0.54 0.37 0.33 0.35 0.53
0.28 0.77 0.32 0.65 0.62
0.59 0.30 0.48 0.14 0.35
0.51 0.61 0.60 0.45 0.55
0.53 0.55 0.40 0.75 0.59
0.47 0.53 0.33 0.51 0.38
0.39 0.59 0.47 0.17 0.55
0.39 0.55 0.31 0.36 0.41
0.49 0.49 0.44 0.62 0.59
0.43 0.70 0.45 0.65 0.87
0.49 0.58 0.58 0.44 0.84
0.33 0.71 0.59 0.78 0.58
0.50 0.52 0.35 0.59 0.69
0.58 0.50 0.77 0.50 0.60
0.25 0.82 0.59 0.37 0.84
0.35 0.74 0.55 0.58 0.85
0.54 0.43 0.05 0.56 0.79
0.61 0.45 0.93 0.43 0.53
0.65 0.28 0.37 0.52 0.21
0.60 0.30 0.18 0.74 0.22
0.46 0.48 0.55 0.16 0.30
0.31 0.73 0.67 0.41 0.55
0.30 0.82 0.64 0.28 0.50
0.48 0.61 0.58 0.68 0.67
0.42 0.64 0.40 0.65 0.52
0.36 0.61 0.20 0.65 0.47
0.69 0.38 0.70 0.77 0.28
0.39 0.69 0.47 0.63 0.46
0.59 0.42 0.68 0.57 0.43
0.34 0.60 0.44 0.28 0.31
0.17 0.80 0.48 0.08 0.54
0.61 0.37 0.49 0.29 0.43
0.69 0.39 0.65 0.52 0.45
0.56 0.32 0.49 0.00 0.32
0.47 0.55 0.33 0.58 0.51
0.44 0.53 0.31 0.39 0.30
0.50 0.49 0.33 0.58 0.12
0.34 0.69 0.62 0.61 0.46
0.42 0.63 0.36 0.61 0.53
0.57 0.54 0.61 0.82 0.45
0.45 0.59 0.51 0.87 0.45
0.69 0.37 0.45 0.84 0.24
0.39 0.77 0.65 0.58 0.68
0.39 0.61 0.43 0.64 0.34
0.57 0.50 0.54 0.86 0.54
0.36 0.58 0.42 0.25 0.29
0.56 0.53 0.55 0.56 0.75
0.29 0.78 0.64 0.52 0.34
0.43 0.63 0.50 0.49 0.62
0.24 0.70 0.24 0.36 0.50
0.46 0.62 0.58 0.67 0.52
0.50 0.51 0.51 0.48 0.52
0.50 0.52 0.32 0.58 0.53
0.51 0.60 0.40 0.69 0.51
0.60 0.37 0.39 0.30 0.48
0.44 0.56 0.42 0.41 0.61
0.54 0.50 0.42 0.22 0.55
0.69 0.43 0.54 0.70 0.43
0.33 0.61 0.19 0.53 0.37
0.53 0.46 0.70 0.28 0.62
0.30 0.69 0.32 0.45 0.82
0.50 0.53 0.39 0.74 0.45
0.38 0.66 0.49 0.74 0.63
0.58 0.36 0.43 0.55 0.30
0.61 0.36 0.27 0.43 0.18
0.34 0.63 0.18 0.39 0.63
0.57 0.46 0.45 0.44 0.76
0.31 0.76 0.41 0.45 0.86
0.52 0.53 0.47 0.50 0.70
0.53 0.51 0.50 0.57 0.26
0.22 0.87 0.40 0.60 0.48
0.63 0.37 0.46 0.36 0.51
0.75 0.21 0.42 0.44 0.43
0.58 0.38 0.34 0.49 0.65
0.72 0.38 0.59 0.55 0.60
0.32 0.65 0.09 0.52 0.51
0.27 0.81 0.62 0.49 0.40
0.40 0.53 0.43 0.25 0.53
0.59 0.52 0.48 0.75 0.66
0.23 0.69 0.27 0.43 0.63
0.43 0.49 0.40 0.21 0.29
0.20 0.83 0.34 0.44 0.55
0.46 0.53 0.43 0.41 0.46
0.52 0.64 0.58 0.50 0.81
0.24 0.82 0.61 0.36 0.45
0.29 0.88 0.65 0.49 0.47
0.36 0.68 0.31 0.39 0.60
0.51 0.51 0.26 0.63 0.65
0.39 0.57 0.30 0.50 0.45
0.42 0.61 0.58 0.45 0.58
0.53 0.50 0.51 0.67 0.31
0.53 0.52 0.53 0.52 0.54
0.39 0.61 0.23 0.60 0.81
0.48 0.55 0.48 0.86 0.52
0.48 0.52 0.69 0.28 0.32
0.46 0.56 0.57 0.54 0.32
0.57 0.31 0.39 0.15 0.58
0.37 0.74 0.66 0.59 0.49
0.36 0.60 0.12 0.72 0.63
0.62 0.42 0.44 0.49 0.28
0.61 0.52 0.80 0.51 0.28
0.37 0.55 0.36 0.36 0.44
0.58 0.40 0.51 0.47 0.43
0.55 0.47 0.72 0.16 0.75
0.48 0.43 0.55 0.33 0.31
0.63 0.38 0.41 0.49 0.67
0.32 0.66 0.24 0.44 0.60
0.61 0.48 0.66 0.65 0.42
0.52 0.59 0.65 0.56 0.66
0.57 0.50 0.62 0.56 0.37
0.55 0.47 0.45 0.61 0.54
0.30 0.62 0.23 0.39 0.30
0.51 0.61 0.59 0.68 0.46
0.60 0.50 0.68 0.43 0.56
0.41 0.63 0.55 0.55 0.30
0.43 0.54 0.38 0.53 0.31
0.40 0.69 0.46 0.67 0.60
0.50 0.46 0.46 0.62 0.24
0.25 0.75 0.52 0.38 0.73
0.33 0.77 0.73 0.61 0.49
0.32 0.63 0.34 0.41 0.39
0.27 0.73 0.30 0.44 0.59
0.51 0.44 0.49 0.32 0.66
0.63 0.41 0.51 0.67 0.62
0.69 0.43 0.56 0.84 0.30
0.50 0.73 0.62 0.92 0.36
0.57 0.39 0.20 0.47 0.36
0.66 0.24 0.07 0.52 0.72
0.28 0.76 0.34 0.56 0.74
0.49 0.63 0.68 0.45 0.78
0.55 0.57 1.00 0.57 0.74
0.29 0.87 0.51 0.73 0.76
0.26 0.71 0.65 0.22 0.39
0.71 0.26 0.64 0.42 0.35
0.51 0.62 0.68 0.43 0.76
0.41 0.57 0.37 0.38 0.45
0.35 0.68 0.65 0.20 0.57
0.44 0.70 0.87 0.70 0.36
0.48 0.56 0.56 0.51 0.39
0.39 0.53 0.27 0.42 0.48
0.50 0.51 0.25 0.54 0.51
0.34 0.67 0.65 0.32 0.35
0.48 0.56 0.65 0.43 0.52
0.79 0.28 0.61 0.90 0.46
0.47 0.61 0.67 0.37 0.52
0.31 0.73 0.45 0.66 0.55
0.22 0.82 0.16 0.54 0.49
0.62 0.41 0.56 0.47 0.12
0.59 0.40 0.31 0.44 0.30
0.47 0.50 0.31 0.44 0.37
0.54 0.52 0.51 0.66 0.51
0.40 0.56 0.34 0.51 0.36
0.29 0.77 0.66 0.60 0.57
0.55 0.65 0.82 0.58 0.75
0.38 0.52 0.29 0.12 0.20
0.45 0.61 0.57 0.48 0.36
0.62 0.39 0.43 0.49 0.64
0.54 0.49 0.56 0.41 0.64
0.51 0.64 0.73 0.46 0.62
0.40 0.51 0.26 0.65 0.42
0.41 0.63 0.48 0.67 0.53
0.50 0.59 0.74 0.31 0.63
0.57 0.56 0.60 0.85 0.55
0.47 0.46 0.60 0.30 0.63
0.36 0.65 0.62 0.43 0.52
0.48 0.60 0.86 0.44 0.62
0.51 0.60 0.71 0.68 0.66
0.64 0.37 0.68 0.55 0.52
0.52 0.47 0.48 0.52 0.43
0.22 0.81 0.34 0.59 0.65
0.80 0.33 0.85 0.69 0.54
0.51 0.51 0.39 0.75 0.36
0.37 0.58 0.30 0.29 0.71
0.48 0.55 0.35 0.59 0.24
0.40 0.67 0.69 0.57 0.50
0.34 0.61 0.37 0.35 0.49
0.52 0.41 0.38 0.31 0.24
0.56 0.56 0.42 0.56 0.67
0.46 0.47 0.34 0.43 0.28
0.30 0.66 0.37 0.32 0.40
0.53 0.56 0.63 0.53 0.53
0.65 0.49 0.61 0.55 0.75
0.38 0.58 0.26 0.49 0.39
0.45 0.58 0.63 0.32 0.74
0.59 0.55 0.80 0.76 0.51
0.39 0.63 0.24 0.88 0.50
0.57 0.50 0.68 0.51 0.36
0.45 0.62 0.59 0.47 0.40
0.55 0.45 0.50 0.73 0.24
0.12 0.88 0.12 0.75 0.41
0.57 0.40 0.50 0.54 0.57
0.47 0.56 0.87 0.33 0.22
0.57 0.44 0.41 0.55 0.66
0.55 0.44 0.55 0.16 0.55
0.33 0.77 0.61 0.71 0.50
0.49 0.49 0.20 0.54 0.44
0.54 0.48 0.52 0.42 0.33
0.59 0.40 0.56 0.60 0.57
0.74 0.29 0.27 0.69 0.59
0.51 0.52 0.58 0.47 0.50
0.36 0.74 0.66 0.43 0.33
0.59 0.45 0.41 0.45 0.70
0.49 0.61 0.40 0.65 0.90
0.59 0.41 0.38 0.62 0.57
0.57 0.32 0.36 0.44 0.48
0.33 0.63 0.54 0.43 0.21
0.44 0.65 0.65 0.53 0.43
0.53 0.52 0.83 0.35 0.85
0.53 0.43 0.42 0.48 0.82
0.34 0.63 0.34 0.34 0.44
0.36 0.61 0.46 0.53 0.46
0.34 0.72 0.75 0.37 0.40
0.49 0.48 0.44 0.39 0.39
0.34 0.81 0.99 0.38 0.51
0.33 0.61 0.27 0.25 0.54
0.63 0.31 0.34 0.67 0.49
0.63 0.51 0.61 0.84 0.88
0.53 0.51 0.47 0.58 0.58
0.70 0.35 0.60 0.72 0.51
0.37 0.64 0.78 0.31 0.40
0.33 0.80 0.58 0.75 0.62
0.37 0.64 0.35 0.50 0.13
0.41 0.57 0.27 0.19 0.37
0.25 0.71 0.29 0.41 0.69
0.45 0.47 0.20 0.64 0.39
0.42 0.49 0.32 0.15 0.07
0.41 0.67 0.26 0.68 0.71
0.54 0.50 0.57 0.48 0.47
0.55 0.52 0.63 0.44 0.72
0.34 0.79 0.83 0.73 0.76
0.60 0.47 0.57 0.75 0.46
0.50 0.57 0.50 0.43 0.42
0.27 0.80 0.78 0.35 0.53
0.42 0.67 0.41 0.72 0.85
0.43 0.61 0.55 0.56 0.15
0.43 0.55 0.44 0.35 0.51
0.47 0.54 0.40 0.64 0.68
0.61 0.43 0.60 0.48 0.56
0.26 0.79 0.51 0.57 0.40
0.48 0.63 0.84 0.69 0.66
0.43 0.46 0.09 0.34 0.86
0.46 0.70 0.67 0.63 0.83
0.51 0.53 0.54 0.57 0.42
0.39 0.74 0.63 0.71 0.58
0.42 0.62 0.67 0.77 0.36
0.50 0.51 0.38 0.61 0.42
0.51 0.48 0.51 0.43 0.39
0.75 0.27 0.33 0.72 0.51
0.33 0.67 0.13 0.31 0.53
0.36 0.67 0.72 0.49 0.28
0.36 0.71 0.38 0.40 0.89
0.53 0.56 0.51 0.60 0.54
0.55 0.57 0.69 0.33 0.74
0.58 0.37 0.44 0.68 0.50
0.68 0.34 0.61 0.48 0.83
0.57 0.34 0.53 0.52 0.31
0.48 0.69 0.91 0.96 0.40
0.25 0.81 0.62 0.44 0.41
0.59 0.50 0.53 0.69 0.47
0.48 0.49 0.27 0.44 0.75
0.46 0.39 0.23 0.37 0.31
0.49 0.52 0.40 0.82 0.47
0.70 0.25 0.42 0.30 0.23
0.55 0.51 0.61 0.35 0.39
0.23 0.93 0.43 1.00 0.66
0.49 0.63 0.67 0.81 0.70
0.44 0.51 0.25 0.58 0.61
0.75 0.17 0.32 0.52 0.61
0.49 0.45 0.34 0.48 0.52
0.55 0.45 0.28 0.54 0.73
0.51 0.47 0.15 0.17 0.68
0.67 0.32 0.48 0.67 0.64
0.42 0.53 0.65 0.19 0.64
0.55 0.39 0.32 0.08 0.46
0.61 0.41 0.75 0.36 0.88
0.48 0.61 0.75 0.79 0.55
0.50 0.49 0.28 0.50 0.48
0.50 0.60 0.76 0.72 0.68
0.32 0.53 0.25 0.29 0.50
0.61 0.43 0.68 0.54 0.56
0.30 0.78 0.45 0.61 0.72
0.23 0.78 0.35 0.40 0.35
0.28 0.82 0.51 0.88 0.52
0.34 0.75 0.47 0.49 0.25
0.46 0.54 0.54 0.48 0.37
0.53 0.46 0.58 0.50 0.61
0.34 0.76 0.81 0.42 0.53
0.65 0.34 0.50 0.53 0.39
0.45 0.47 0.43 0.37 0.41
0.61 0.48 0.88 0.26 0.26
0.37 0.58 0.35 0.36 0.47
0.33 0.70 0.53 0.54 0.65
0.27 0.81 0.48 0.67 0.49
0.31 0.75 0.61 0.30 0.47
0.39 0.56 0.06 0.36 0.58
0.32 0.77 0.48 0.55 0.65
0.47 0.59 0.47 0.54 0.64
0.42 0.55 0.39 0.43 0.74
0.40 0.71 0.86 0.62 0.68
0.51 0.50 0.46 0.66 0.62
0.46 0.56 0.55 0.45 0.59
0.40 0.52 0.13 0.20 0.40
0.38 0.75 0.41 0.74 0.74
0.06 0.87 0.22 0.36 0.44
0.48 0.46 0.29 0.27 0.55
0.65 0.35 0.59 0.44 0.65
0.56 0.28 0.20 0.56 0.35
0.68 0.35 0.68 0.41 0.52
0.49 0.46 0.27 0.22 0.60
0.32 0.79 0.54 0.61 0.45
0.54 0.50 0.48 0.59 0.32
0.57 0.40 0.39 0.69 0.68
0.38 0.70 0.55 0.41 0.61
0.21 0.74 0.59 0.25 0.31
0.54 0.47 0.32 0.62 0.43
0.39 0.55 0.31 0.62 0.51
0.36 0.63 0.38 0.46 0.45
0.50 0.54 0.38 0.53 0.44
0.63 0.42 0.77 0.36 0.45
0.20 0.78 0.61 0.36 0.51
0.34 0.72 0.59 0.52 0.62
0.48 0.42 0.49 0.39 0.43
0.65 0.49 0.78 0.47 0.87
0.35 0.68 0.46 0.58 0.54
0.54 0.42 0.37 0.47 0.45
0.54 0.43 0.37 0.56 0.12
0.50 0.62 0.65 0.51 0.59
0.43 0.69 0.64 0.75 0.69
0.42 0.59 0.53 0.31 0.64
0.42 0.55 0.33 0.39 0.49
0.34 0.74 0.61 0.51 0.76
0.41 0.51 0.52 0.43 0.29
0.53 0.59 0.73 0.42 0.54
0.63 0.32 0.30 0.50 0.63
0.48 0.65 0.75 0.57 0.45
0.82 0.27 0.92 0.50 0.32
0.44 0.59 0.29 0.62 0.43
0.30 0.63 0.30 0.46 0.18
0.57 0.40 0.27 0.43 0.24
0.22 0.94 0.61 0.80 0.44
0.44 0.66 0.75 0.43 0.69
0.40 0.53 0.14 0.40 0.80
0.39 0.65 0.39 0.52 0.17
0.29 0.64 0.34 0.47 0.75
0.62 0.37 0.44 0.79 0.34
0.60 0.45 0.64 0.77 0.61
0.32 0.74 0.68 0.60 0.65
0.41 0.52 0.19 0.65 0.43
0.48 0.62 0.50 0.57 0.79
0.26 0.78 0.67 0.48 0.48
0.51 0.44 0.47 0.42 0.22
0.39 0.55 0.37 0.58 0.26
0.58 0.45 0.72 0.68 0.75
0.49 0.52 0.37 0.66 0.60
0.41 0.59 0.37 0.69 0.30
0.52 0.46 0.66 0.37 0.37
0.44 0.54 0.45 0.41 0.37
0.20 0.79 0.58 0.47 0.25
0.68 0.44 0.74 0.81 0.61
0.41 0.51 0.38 0.25 0.35
0.26 0.73 0.41 0.31 0.16
0.64 0.34 0.21 0.63 0.62
0.48 0.46 0.28 0.58 0.61
0.59 0.52 0.42 0.86 0.80
0.74 0.36 0.54 0.48 0.36
0.62 0.39 0.47 0.50 0.65
0.50 0.67 0.64 0.69 0.42
0.33 0.66 0.31 0.60 0.40
0.47 0.61 0.62 0.73 0.46
0.45 0.57 0.35 0.66 0.71
0.36 0.57 0.28 0.38 0.56
0.67 0.44 0.73 0.64 0.42
0.40 0.55 0.32 0.61 0.47
0.31 0.68 0.46 0.53 0.46
0.39 0.73 0.62 0.69 0.41
0.40 0.56 0.07 0.61 0.24
0.43 0.71 0.52 0.77 0.64
0.28 0.67 0.36 0.35 0.38
0.77 0.15 0.41 0.42 0.38
0.55 0.46 0.33 0.61 0.37
0.26 0.77 0.56 0.74 0.44
0.68 0.16 0.16 0.46 0.45
0.28 0.73 0.23 0.43 0.63
0.41 0.72 0.48 0.76 0.48
0.38 0.76 0.68 0.82 0.67
0.32 0.80 0.60 0.45 0.51
0.38 0.71 0.70 0.44 0.64
0.64 0.37 0.74 0.59 0.41
0.23 0.98 0.99 0.68 0.48
0.46 0.64 0.43 0.63 0.69
0.35 0.65 0.26 0.43 0.87
0.55 0.51 0.35 0.47 0.61
0.38 0.67 0.62 0.28 0.66
0.55 0.48 0.52 0.57 0.35
0.34 0.73 0.39 0.58 0.69
0.25 0.83 0.65 0.67 0.74
0.58 0.38 0.23 0.87 0.64
0.56 0.48 0.49 0.75 0.76
0.65 0.46 0.47 0.72 0.74
0.34 0.57 0.24 0.30 0.54
0.56 0.47 0.29 0.60 0.45
0.55 0.44 0.71 0.26 0.20
0.43 0.54 0.51 0.42 0.66
0.59 0.46 0.33 0.75 0.60
0.46 0.68 0.42 0.82 0.67
0.59 0.38 0.02 0.90 0.46
0.51 0.53 0.38 0.56 0.62
0.34 0.62 0.08 0.43 0.79
0.55 0.58 0.83 0.52 0.79
0.33 0.80 0.34 0.81 0.51
0.31 0.68 0.37 0.53 0.46
0.39 0.74 0.52 0.67 0.62
0.36 0.70 0.28 0.68 0.52
0.45 0.53 0.56 0.45 0.26
0.76 0.31 0.49 0.81 0.57
0.56 0.38 0.43 0.40 0.38
0.42 0.55 0.46 0.29 0.85
0.61 0.39 0.68 0.34 0.27
0.55 0.54 0.85 0.44 0.59
0.54 0.46 0.48 0.70 0.26
0.19 0.80 0.26 0.77 0.32
0.43 0.56 0.63 0.20 0.42
0.18 0.91 0.53 0.54 0.58
0.50 0.48 0.36 0.48 0.77
0.69 0.36 0.69 0.50 0.61
0.39 0.68 0.67 0.54 0.68
0.54 0.37 0.44 0.29 0.42
0.61 0.36 0.50 0.02 0.58
0.42 0.54 0.22 0.61 0.53
0.71 0.22 0.43 0.43 0.43
0.73 0.31 0.64 0.84 0.69
0.43 0.65 0.59 0.52 0.68
0.39 0.64 0.40 0.53 0.35
0.59 0.43 0.76 0.63 0.50
0.38 0.74 0.63 0.56 0.60
0.49 0.63 0.70 0.69 0.28
0.33 0.73 0.47 0.58 0.80
0.55 0.45 0.41 0.87 0.62
0.25 0.84 0.33 0.80 0.63
0.46 0.55 0.32 0.54 0.73
0.59 0.36 0.64 0.10 0.48
0.33 0.71 0.26 0.74 0.63
0.55 0.52 0.53 0.76 0.65
0.32 0.70 0.51 0.33 0.06
0.29 0.83 0.53 0.72 0.43
0.28 0.76 0.37 0.55 0.60
0.53 0.47 0.52 0.26 0.51
0.46 0.57 0.52 0.42 0.39
0.13 0.88 0.39 0.31 0.76
0.31 0.72 0.66 0.35 0.51
0.19 0.76 0.36 0.52 0.51
0.70 0.36 0.69 0.74 0.43
0.49 0.55 0.49 0.53 0.59
0.38 0.70 0.64 0.50 0.67
0.26 0.74 0.30 0.53 0.42
0.48 0.45 0.32 0.66 0.39
0.76 0.32 0.62 0.53 0.56
0.50 0.49 0.41 0.52 0.95
0.24 0.91 0.72 0.54 0.83
0.46 0.53 0.35 0.44 0.48
0.46 0.60 0.41 0.40 0.67
0.39 0.60 0.42 0.59 0.53
0.34 0.71 0.51 0.46 0.37
0.53 0.51 0.69 0.32 0.78
0.28 0.80 0.88 0.43 0.33
0.45 0.49 0.35 0.34 0.23
0.27 0.75 0.38 0.23 0.94
0.46 0.60 0.59 0.63 0.52
0.39 0.72 0.83 0.41 0.54
0.47 0.62 0.58 0.51 0.64
0.27 0.91 0.43 0.56 1.00
0.50 0.60 0.51 0.74 0.68
0.36 0.74 0.36 0.65 0.69
0.31 0.66 0.28 0.51 0.46
0.63 0.40 0.69 0.41 0.75
0.55 0.44 0.53 0.78 0.55
0.39 0.61 0.45 0.55 0.44
0.46 0.48 0.29 0.43 0.29
0.68 0.42 0.78 0.51 0.54
0.36 0.64 0.41 0.44 0.39
0.60 0.56 0.70 0.62 0.90
0.35 0.65 0.44 0.47 0.49
0.43 0.49 0.42 0.17 0.41
0.29 0.74 0.42 0.64 0.33
0.46 0.53 0.63 0.54 0.36
0.64 0.39 0.70 0.51 0.35
0.23 0.71 0.20 0.35 0.47
0.21 0.83 0.40 0.43 0.37
0.19 0.96 0.63 0.55 0.56
0.68 0.38 0.93 0.31 0.39
0.27 0.73 0.36 0.60 0.74
0.54 0.33 0.23 0.30 0.22
0.73 0.31 0.67 0.70 0.24
0.61 0.42 0.65 0.32 0.53
0.31 0.73 0.42 0.38 0.85
0.36 0.71 0.55 0.46 0.77
0.71 0.29 0.56 0.59 0.52
0.41 0.53 0.28 0.50 0.71
0.37 0.61 0.20 0.45 0.42
0.32 0.69 0.40 0.34 0.39
0.60 0.44 0.77 0.52 0.45
0.25 0.79 0.56 0.20 0.56
0.33 0.73 0.49 0.34 0.27
0.59 0.45 0.58 0.49 0.49
0.71 0.27 0.45 0.65 0.57
0.53 0.45 0.39 0.56 0.62
0.57 0.40 0.45 0.65 0.42
0.50 0.43 0.30 0.53 0.40
0.43 0.56 0.55 0.68 0.23
0.61 0.39 0.36 0.71 0.51
0.49 0.63 0.64 0.61 0.72
0.32 0.84 0.40 0.71 0.49
0.53 0.49 0.53 0.61 0.26
0.60 0.47 0.59 0.61 0.54
0.36 0.67 0.59 0.29 0.84
0.50 0.42 0.47 0.43 0.45
0.54 0.65 0.86 0.82 0.93
0.42 0.50 0.52 0.32 0.32
0.56 0.36 0.21 0.40 0.44
0.48 0.53 0.41 0.20 0.51
0.39 0.56 0.50 0.48 0.71
0.40 0.60 0.32 0.48 0.69
0.65 0.32 0.29 0.63 0.72
0.30 0.77 0.39 0.47 0.88
0.44 0.61 0.71 0.47 0.73
0.39 0.57 0.16 0.65 0.43
0.44 0.55 0.54 0.46 0.24
0.61 0.50 0.46 0.95 0.68
0.44 0.56 0.49 0.58 0.41
0.42 0.62 0.66 0.39 0.61
0.40 0.62 0.45 0.76 0.37
0.71 0.40 0.72 0.59 0.94
0.35 0.62 0.38 0.29 0.35
0.38 0.57 0.33 0.25 0.66
0.49 0.48 0.48 0.40 0.50
0.30 0.78 0.28 0.53 0.71
0.33 0.67 0.50 0.42 0.15
0.72 0.25 0.34 0.65 0.51
0.42 0.63 0.48 0.63 0.59
0.29 0.67 0.47 0.31 0.40
0.60 0.40 0.43 0.38 0.53
0.34 0.77 0.39 0.77 0.90
0.45 0.54 0.44 0.56 0.61
0.26 0.75 0.34 0.28 0.25
0.60 0.39 0.42 0.59 0.75
0.21 0.77 0.59 0.45 0.64
0.27 0.93 0.66 0.97 0.55
0.39 0.72 0.57 0.55 0.72
0.70 0.42 0.50 0.93 0.65
0.63 0.38 0.54 0.59 0.52
0.84 0.12 0.14 0.58 0.53
0.50 0.48 0.26 0.41 0.53
0.48 0.61 0.69 0.70 0.34
0.54 0.61 0.74 0.59 0.64
0.73 0.28 0.48 0.78 0.27
0.47 0.51 0.41 0.64 0.54
0.27 0.94 0.62 0.81 0.73
0.47 0.63 0.56 0.41 0.84
0.40 0.60 0.61 0.18 0.69
0.18 0.94 0.69 0.70 0.35
0.44 0.58 0.34 0.53 0.94
0.47 0.47 0.40 0.48 0.32
0.59 0.49 0.55 0.69 0.58
0.35 0.71 0.29 0.95 0.66
0.55 0.47 0.54 0.56 0.58
0.58 0.52 0.61 0.62 0.58
0.65 0.39 0.55 0.37 0.36
0.38 0.81 0.85 0.83 0.52
0.33 0.70 0.32 0.77 0.71
0.29 0.61 0.05 0.30 0.55
0.41 0.62 0.52 0.40 0.53
0.31 0.74 0.32 0.62 0.32
0.60 0.41 0.49 0.43 0.48
0.45 0.51 0.18 0.60 0.49
0.77 0.30 0.61 0.51 0.48
0.19 0.75 0.37 0.22 0.54
0.35 0.63 0.35 0.16 0.41
0.44 0.57 0.50 0.43 0.50
0.68 0.34 0.62 0.45 0.44
0.46 0.63 0.30 0.79 0.57
0.29 0.61 0.34 0.48 0.11
0.37 0.64 0.45 0.85 0.37
0.36 0.68 0.50 0.41 0.61
0.52 0.43 0.46 0.26 0.50
0.35 0.77 0.46 0.81 0.55
0.62 0.39 0.28 0.62 0.47
0.29 0.82 0.42 0.58 0.57
0.43 0.64 0.38 0.79 0.69
0.46 0.51 0.52 0.31 0.43
0.52 0.43 0.41 0.19 0.53
0.47 0.56 0.55 0.45 0.50
0.72 0.29 0.55 0.58 0.17
0.67 0.48 0.72 0.67 0.52
0.44 0.59 0.31 0.83 0.40
0.46 0.59 0.60 0.60 0.45
0.36 0.61 0.12 0.37 0.70
0.32 0.61 0.53 0.14 0.23
0.44 0.59 0.75 0.47 0.47
0.58 0.44 0.30 0.74 0.44
0.63 0.40 0.68 0.54 0.43
0.36 0.56 0.47 0.31 0.52
0.46 0.53 0.47 0.61 0.67
0.42 0.61 0.57 0.50 0.37
0.60 0.37 0.58 0.28 0.45
0.72 0.33 0.63 0.78 0.49
0.57 0.48 0.63 0.56 0.40
0.59 0.43 0.58 0.39 0.54
0.53 0.43 0.42 0.45 0.53
0.68 0.36 0.45 0.71 0.66
0.25 0.71 0.22 0.56 0.45
0.41 0.61 0.62 0.45 0.29
0.63 0.33 0.16 0.56 0.58
0.56 0.51 0.78 0.47 0.74
0.51 0.56 0.66 0.78 0.51
0.51 0.45 0.31 0.56 0.37
0.32 0.82 0.64 0.47 0.54
0.31 0.62 0.47 0.39 0.16
0.50 0.59 0.45 0.63 0.37
0.41 0.64 0.43 0.61 0.59
0.58 0.44 0.51 0.61 0.40
0.65 0.32 0.11 0.62 0.45
0.47 0.64 0.74 0.31 0.74
0.65 0.30 0.20 0.65 0.43
0.49 0.63 0.60 0.62 0.88
0.37 0.69 0.44 0.68 0.34
0.48 0.54 0.85 0.09 0.55
0.47 0.53 0.34 0.53 0.47
0.41 0.59 0.60 0.49 0.51
0.32 0.57 0.20 0.35 0.59
0.55 0.48 0.63 0.37 0.56
0.29 0.74 0.43 0.64 0.39
0.47 0.57 0.37 0.85 0.44
0.26 0.66 0.30 0.30 0.31
0.65 0.41 0.43 0.56 0.88
0.33 0.66 0.46 0.65 0.45
0.80 0.26 0.62 0.94 0.46
0.50 0.52 0.63 0.45 0.48
0.31 0.76 0.71 0.44 0.55
0.61 0.32 0.39 0.36 0.51
0.28 0.70 0.39 0.38 0.61
0.33 0.58 0.34 0.38 0.57
0.82 0.21 0.68 0.57 0.41
0.44 0.61 0.58 0.55 0.57
0.19 0.90 0.46 0.50 0.74
0.44 0.49 0.37 0.62 0.46
0.30 0.73 0.32 0.77 0.38
0.23 0.82 0.60 0.30 0.46
0.26 0.79 0.36 0.72 0.32
0.58 0.31 0.43 0.33 0.37
0.46 0.50 0.35 0.66 0.68
0.65 0.42 0.62 0.71 0.61
0.40 0.59 0.72 0.31 0.40
0.41 0.46 0.26 0.27 0.56
0.16 0.89 0.63 0.72 0.62
0.41 0.74 0.70 0.85 0.66
0.48 0.57 0.44 0.59 0.80
0.68 0.26 0.48 0.24 0.10
0.21 1.00 0.93 0.69 0.81
0.47 0.54 0.39 0.61 0.35
0.50 0.47 0.36 0.57 0.39
0.64 0.46 0.54 0.77 0.83
0.53 0.44 0.41 0.54 0.20
0.51 0.40 0.31 0.57 0.28
0.56 0.48 0.52 0.63 0.53
0.41 0.56 0.75 0.25 0.39
0.50 0.48 0.45 0.67 0.44
0.55 0.43 0.57 0.40 0.33
0.19 0.85 0.57 0.43 0.16
0.62 0.43 0.44 0.76 0.50
0.27 0.79 0.54 0.72 0.50
0.52 0.56 0.54 0.60 0.58
0.46 0.61 0.64 0.72 0.55
0.43 0.59 0.65 0.45 0.23
0.36 0.56 0.19 0.70 0.13
0.22 0.89 0.69 0.67 0.58
0.47 0.52 0.37 0.68 0.56
0.35 0.62 0.39 0.46 0.29
0.11 0.93 0.26 0.42 0.54
0.55 0.49 0.37 0.67 0.71
0.58 0.48 0.59 0.66 0.69
0.35 0.66 0.51 0.60 0.45
0.50 0.57 0.58 0.45 0.69
0.36 0.73 0.48 0.37 0.65
0.48 0.49 0.34 0.45 0.45
0.21 0.83 0.35 0.73 0.31
0.52 0.50 0.58 0.54 0.66
0.63 0.36 0.49 0.45 0.38
0.50 0.54 0.54 0.72 0.73
0.39 0.67 0.38 0.49 0.69
0.49 0.57 0.62 0.55 0.75
0.52 0.60 0.85 0.79 0.66
0.43 0.53 0.31 0.51 0.05
0.58 0.51 0.80 0.55 0.63
0.54 0.39 0.25 0.54 0.32
0.29 0.78 0.39 0.74 0.50
0.73 0.17 0.24 0.67 0.39
0.30 0.82 0.87 0.66 0.90
0.22 0.78 0.48 0.62 0.72
0.32 0.68 0.42 0.45 0.30
0.19 0.92 0.48 0.44 0.60
0.68 0.33 0.58 0.55 0.41
0.38 0.68 0.73 0.46 0.37
0.62 0.49 0.56 0.63 0.69
0.42 0.71 0.83 0.35 0.54
0.44 0.64 0.59 0.74 0.52
0.43 0.66 0.80 0.66 0.67
0.67 0.35 0.43 0.48 0.90
0.50 0.50 0.43 0.37 0.54
0.52 0.58 0.67 0.45 0.68
0.14 0.78 0.00 0.68 0.47
0.35 0.78 0.81 0.37 0.70
0.35 0.76 0.63 0.59 0.77
0.73 0.30 0.52 0.67 0.64
0.67 0.50 0.88 0.60 0.76
0.53 0.59 0.76 0.71 0.61
0.26 0.66 0.13 0.53 0.07
0.42 0.68 0.33 0.74 0.58
0.57 0.53 0.44 0.50 0.59
0.35 0.69 0.59 0.28 0.36
0.19 0.84 0.20 0.62 0.56
0.40 0.67 0.68 0.39 0.06
0.51 0.54 0.75 0.51 0.59
0.47 0.63 0.60 0.55 0.42
0.58 0.37 0.28 0.54 0.40
0.57 0.65 0.81 0.64 0.68
0.35 0.74 0.61 0.49 0.73
0.50 0.51 0.35 0.33 0.52
0.52 0.53 0.64 0.37 0.35
0.42 0.56 0.39 0.23 0.20
0.51 0.45 0.29 0.44 0.43
0.76 0.34 0.48 0.64 0.59
0.48 0.60 0.41 0.84 0.78
0.55 0.46 0.52 0.29 0.58
0.22 0.80 0.21 0.64 0.52
0.48 0.47 0.15 0.47 0.60
0.34 0.76 0.64 0.49 0.39
0.55 0.36 0.22 0.67 0.18
0.44 0.45 0.07 0.29 0.65
0.46 0.49 0.30 0.46 0.54
0.59 0.44 0.76 0.36 0.43
0.51 0.53 0.64 0.30 0.86
0.48 0.62 0.48 0.48 0.66
0.50 0.50 0.53 0.44 0.30
0.45 0.62 0.68 0.42 0.58
0.47 0.66 0.59 0.71 0.68
0.47 0.61 0.56 0.61 0.40
0.38 0.62 0.45 0.59 0.51
0.36 0.57 0.29 0.34 0.74
0.58 0.37 0.73 0.22 0.38
0.42 0.67 0.52 0.65 0.31
0.35 0.67 0.51 0.27 0.79
0.63 0.49 0.83 0.76 0.49
0.38 0.75 0.73 0.27 0.71
0.35 0.66 0.33 0.41 0.84
0.63 0.53 0.76 0.60 0.90
0.63 0.44 0.49 0.84 0.39
0.58 0.41 0.47 0.51 0.49
0.47 0.50 0.34 0.64 0.47
0.49 0.53 0.30 0.29 0.48
0.30 0.70 0.33 0.60 0.56
0.26 0.74 0.48 0.66 0.26
0.37 0.64 0.66 0.28 0.56
0.51 0.57 0.66 0.49 0.57
0.54 0.45 0.42 0.38 0.36
0.22 0.83 0.64 0.28 0.29
0.38 0.67 0.26 0.81 0.65
0.49 0.52 0.60 0.71 0.34
0.36 0.59 0.42 0.54 0.39
0.23 0.75 0.23 0.39 0.49
0.52 0.56 0.44 0.77 0.35
0.42 0.54 0.54 0.48 0.15
0.41 0.61 0.49 0.58 0.52
0.32 0.75 0.60 0.42 0.52
0.47 0.51 0.04 0.63 0.45
0.47 0.55 0.63 0.55 0.42
0.47 0.62 0.72 0.64 0.59
0.59 0.50 0.55 0.33 0.67
0.41 0.53 0.16 0.67 0.61
0.31 0.80 0.51 0.44 0.80
0.48 0.51 0.36 0.48 0.64
0.48 0.54 0.19 0.82 0.77
0.51 0.51 0.32 0.50 0.48
0.55 0.42 0.28 0.43 0.30
0.45 0.54 0.41 0.37 0.44
0.29 0.79 0.52 0.59 0.35
0.47 0.58 0.33 0.58 0.56
0.43 0.61 0.33 0.79 0.25
0.46 0.48 0.21 0.43 0.63
0.33 0.73 0.30 0.73 0.46
0.43 0.65 0.44 0.58 0.73
0.68 0.27 0.18 0.60 0.63
0.59 0.39 0.63 0.39 0.28
0.48 0.48 0.34 0.60 0.64
0.58 0.40 0.33 0.55 0.50
0.36 0.77 0.60 0.71 0.70
0.26 0.87 0.52 0.72 0.69
0.22 0.84 0.48 0.19 0.75
0.37 0.59 0.09 0.84 0.47
0.58 0.34 0.00 0.53 0.69
0.49 0.50 0.23 0.37 0.25
0.30 0.85 0.68 0.74 0.58
0.50 0.62 0.56 0.81 0.81
0.36 0.61 0.34 0.51 0.29
0.46 0.53 0.51 0.20 0.31
0.53 0.50 0.51 0.48 0.41
0.66 0.38 0.46 0.38 0.57
0.40 0.48 0.02 0.26 0.65
0.33 0.71 0.39 0.71 0.45
0.43 0.55 0.61 0.29 0.27
0.26 0.73 0.03 0.48 0.34
0.74 0.36 0.38 0.64 0.42
0.43 0.69 0.70 0.32 0.78
0.69 0.41 0.34 0.55 0.66
0.45 0.56 0.47 0.41 0.35
0.65 0.35 0.60 0.55 0.44
0.62 0.38 0.47 0.44 0.52
0.54 0.45 0.55 0.68 0.22
0.43 0.69 0.64 0.57 0.45
0.48 0.55 0.60 0.52 0.36
0.61 0.39 0.76 0.42 0.24
0.59 0.40 0.15 0.58 0.45
0.22 0.80 0.34 0.58 0.59
0.64 0.41 0.56 0.83 0.45
0.52 0.46 0.61 0.27 0.37
0.56 0.60 0.83 0.55 0.56
0.43 0.48 0.28 0.41 0.34
0.30 0.80 0.31 0.67 0.65
0.56 0.50 0.51 0.65 0.56
0.59 0.45 0.64 0.49 0.40
0.33 0.66 0.32 0.36 0.49
0.36 0.64 0.46 0.25 0.56
0.29 0.70 0.25 0.35 0.44
0.45 0.66 0.49 0.59 0.52
0.54 0.51 0.56 0.51 0.40
0.34 0.74 0.44 0.75 0.43
0.46 0.49 0.40 0.22 0.53
0.46 0.61 0.57 0.70 0.60
0.47 0.49 0.39 0.33 0.42
0.44 0.70 0.70 0.63 0.54
0.28 0.78 0.49 0.67 0.61
0.41 0.62 0.29 0.70 0.17
0.41 0.70 0.36 0.83 0.69
0.45 0.61 0.93 0.39 0.53
0.40 0.63 0.51 0.60 0.55
0.37 0.58 0.25 0.58 0.31
0.39 0.76 0.86 0.61 0.79
0.35 0.68 0.24 0.24 0.62
0.52 0.49 0.51 0.34 0.44
0.54 0.48 0.38 0.57 0.35
0.28 0.83 0.49 0.38 0.49
0.36 0.63 0.13 0.64 0.47
0.59 0.42 0.43 0.49 0.58
0.34 0.81 0.69 0.50 0.40
0.28 0.78 0.21 0.55 0.68
0.25 0.78 0.07 0.66 0.75
0.77 0.21 0.32 0.51 0.69
0.44 0.67 0.42 0.42 0.76
0.31 0.78 0.66 0.56 0.63
0.48 0.54 0.23 0.94 0.53
0.59 0.37 0.42 0.43 0.33
0.46 0.70 0.69 0.76 0.75
0.64 0.50 0.82 0.75 0.54
0.33 0.72 0.26 0.59 0.52
0.43 0.63 0.39 0.82 0.54
0.48 0.48 0.22 0.44 0.47
0.32 0.76 0.45 0.66 0.42
0.67 0.33 0.38 0.55 0.48
0.36 0.73 0.33 0.47 0.69
0.55 0.51 0.50 0.35 0.60
0.49 0.56 0.63 0.50 0.08
0.46 0.60 0.68 0.49 0.48
0.54 0.60 0.74 0.70 0.78
0.67 0.31 0.54 0.54 0.39
0.68 0.45 0.74 0.75 0.49
0.61 0.50 0.56 0.71 0.41
0.25 0.96 0.59 1.00 0.58
0.57 0.35 0.38 0.43 0.40
0.75 0.47 0.93 1.00 0.65
0.28 0.70 0.21 0.56 0.56
0.71 0.20 0.00 0.67 0.61
0.40 0.54 0.41 0.41 0.27
0.49 0.53 0.62 0.41 0.50
0.47 0.54 0.51 0.49 0.57
0.65 0.31 0.48 0.53 0.42
0.51 0.60 0.74 0.66 0.81
0.69 0.28 0.27 0.64 0.52
0.40 0.61 0.64 0.17 0.56
0.27 0.79 0.54 0.66 0.56
0.44 0.62 0.15 0.88 0.43
0.51 0.54 0.35 0.65 0.57
0.51 0.52 0.71 0.67 0.54
0.61 0.42 0.36 0.47 0.48
0.50 0.48 0.51 0.43 0.71
0.42 0.63 0.49 0.70 0.40
0.61 0.47 0.34 0.60 0.65
0.32 0.67 0.52 0.55 0.37
0.30 0.76 0.73 0.70 0.42
0.70 0.31 0.57 0.70 0.27
0.15 0.88 0.32 0.33 0.52
0.16 0.95 0.59 0.75 0.41
0.62 0.46 0.62 0.75 0.54
0.47 0.49 0.19 0.48 0.53
0.26 0.77 0.30 0.78 0.51
0.25 0.83 0.39 0.76 0.83
0.20 0.76 0.46 0.31 0.40
0.53 0.47 0.38 0.63 0.46
0.44 0.58 0.50 0.69 0.34
0.40 0.66 0.53 0.37 0.54
0.51 0.53 0.24 0.99 0.37
0.69 0.26 0.35 0.40 0.63
0.39 0.54 0.57 0.36 0.00
0.33 0.59 0.35 0.60 0.42
0.64 0.39 0.58 0.76 0.32
0.51 0.42 0.19 0.40 0.38
0.29 0.69 0.27 0.45 0.62
0.26 0.75 0.37 0.44 0.42
0.59 0.45 0.82 0.43 0.24
0.37 0.60 0.19 0.38 0.51
0.55 0.54 0.67 0.53 0.72
0.48 0.53 0.24 0.46 0.93
0.32 0.75 0.39 0.83 0.81
0.68 0.24 0.42 0.34 0.30
0.52 0.46 0.30 0.43 0.36
0.24 0.74 0.42 0.20 0.34
0.45 0.61 0.38 0.79 0.61
0.52 0.46 0.14 0.67 0.59
0.43 0.61 0.27 1.00 0.69
0.48 0.47 0.35 0.49 0.15
0.54 0.54 0.45 0.82 0.35
0.28 0.86 0.79 0.64 0.62
0.43 0.54 0.36 0.59 0.36
0.42 0.62 0.66 0.48 0.55
0.46 0.57 0.38 0.62 0.20
0.33 0.68 0.34 0.37 0.38
0.36 0.52 0.23 0.00 0.04
0.59 0.36 0.16 1.00 0.73
0.62 0.40 0.51 0.37 0.53
0.45 0.71 0.80 0.56 0.67
0.23 0.76 0.16 0.47 0.59
0.42 0.69 0.42 0.91 0.74
0.56 0.50 0.43 0.54 0.64
0.44 0.59 0.47 0.48 0.74
0.68 0.32 0.33 0.55 0.76
0.41 0.68 0.60 0.83 0.67
0.59 0.39 0.04 0.52 0.23
0.35 0.61 0.50 0.62 0.48
0.37 0.60 0.12 0.39 0.49
0.45 0.62 0.74 0.13 0.71
0.53 0.45 0.39 0.16 0.20
0.47 0.67 0.42 0.80 0.75
0.42 0.76 0.57 0.49 0.69
0.51 0.50 0.23 0.38 0.13
0.50 0.51 0.38 0.78 0.00
0.47 0.69 0.70 0.87 0.62
0.32 0.81 0.53 0.74 0.63
0.24 0.71 0.26 0.42 0.37
0.52 0.51 0.46 0.48 0.62
0.43 0.64 0.71 0.24 0.35
0.54 0.45 0.40 0.35 0.18
0.56 0.52 0.52 0.55 0.17
1.00 0.00 0.52 0.47 0.50
0.43 0.57 0.22 0.67 0.24
1.00 0.12 0.45 0.79 0.53
0.85 0.00 0.30 0.50 0.08
0.68 0.36 0.75 0.58 0.27
0.50 0.33 0.37 0.12 0.15
0.84 0.08 0.17 0.67 0.56
0.92 0.00 0.36 0.59 0.19
1.00 0.00 0.60 0.36 0.52
0.00 1.00 0.14 0.28 1.00
0.76 0.14 0.31 0.39 0.56
0.00 0.76 0.01 0.27 0.62
0.69 0.15 0.62 0.70 0.73
0.15 0.44 0.22 0.46 0.21
0.26 0.34 0.25 0.84 0.27
0.36 0.24 0.00 0.45 0.40
0.55 0.24 0.49 0.50 0.66
0.72 0.11 0.16 0.88 0.44
0.17 0.82 0.44 0.99 0.55
0.07 0.64 0.01 0.31 0.00
0.51 0.44 0.52 0.28 0.29
0.00 1.00 1.00 0.42 0.58
0.00 1.00 0.79 0.36 0.36
0.40 0.44 0.65 0.85 0.00
0.00 0.65 0.59 0.32 0.83
0.76 0.00 0.68 0.00 0.27
1.00 0.00 1.00 0.00 0.00
0.00 0.53 0.55 1.00 1.00
0.22 0.00 0.00 1.00 1.00
