0.53 0.54
0.98 0.06
0.88 0.31
0.40 0.64
0.63 0.46
0.61 0.51
0.69 0.34
0.47 0.63
0.66 0.29
0.47 0.59
0.52 0.38
1.00 0.13
0.51 0.47
0.11 0.82
0.50 0.63
0.22 0.74
0.57 0.39
0.77 0.25
0.57 0.44
0.52 0.52
0.70 0.36
0.07 0.95
0.70 0.25
0.74 0.39
0.70 0.27
0.81 0.39
0.30 0.75
0.04 0.97
0.29 0.74
0.43 0.56
0.43 0.58
0.85 0.27
0.82 0.18
0.50 0.54
0.52 0.57
0.44 0.58
0.68 0.50
0.26 0.77
0.25 0.82
0.30 0.70
0.67 0.40
0.16 0.83
0.65 0.46
0.00 0.90
0.65 0.40
0.47 0.52
0.37 0.64
0.57 0.51
0.38 0.59
0.74 0.13
0.05 0.85
0.09 0.90
0.36 0.68
0.76 0.31
0.58 0.49
0.35 0.68
0.61 0.44
0.48 0.44
0.48 0.49
0.53 0.50
0.24 0.66
0.29 0.74
0.28 0.69
0.51 0.43
0.71 0.34
0.48 0.51
0.71 0.40
0.72 0.43
0.11 0.87
0.36 0.68
0.00 0.89
0.41 0.58
1.00 0.00
0.53 0.43
0.05 0.97
0.67 0.23
0.25 0.64
1.00 0.12
0.78 0.23
0.07 0.80
0.64 0.44
0.52 0.39
1.00 0.00
0.37 0.50
0.48 0.32
0.47 0.51
0.59 0.39
0.36 0.50
0.92 0.22
0.44 0.56
0.22 0.54
0.19 0.52
0.65 0.40
0.90 0.16
0.00 1.00
0.00 0.90
0.54 0.50
0.77 0.00
0.00 0.09
0.35 0.00
