0.45 0.59 0.55 0.52
0.60 0.46 0.51 0.49
0.19 0.21 0.22 0.24
0.43 0.40 0.40 0.37
0.77 0.71 0.72 0.76
0.24 0.24 0.23 0.33
0.42 0.41 0.44 0.45
0.58 0.48 0.49 0.50
0.15 0.19 0.26 0.23
0.50 0.49 0.52 0.67
0.72 0.65 0.65 0.68
0.65 0.62 0.59 0.56
0.34 0.30 0.32 0.33
0.62 0.64 0.58 0.55
0.44 0.52 0.54 0.54
0.27 0.28 0.32 0.41
0.42 0.45 0.42 0.43
0.53 0.33 0.35 0.27
0.58 0.52 0.51 0.52
0.60 0.48 0.55 0.68
0.43 0.50 0.44 0.47
0.49 0.38 0.41 0.35
0.66 0.64 0.68 0.71
0.44 0.37 0.41 0.27
0.49 0.55 0.46 0.42
0.34 0.29 0.38 0.42
0.11 0.11 0.12 0.00
0.38 0.33 0.32 0.30
0.55 0.49 0.48 0.38
0.12 0.07 0.10 0.13
0.42 0.39 0.37 0.33
0.34 0.22 0.26 0.29
0.49 0.49 0.53 0.55
0.32 0.30 0.33 0.33
0.59 0.57 0.58 0.54
0.30 0.23 0.24 0.10
0.34 0.21 0.27 0.23
0.50 0.52 0.52 0.59
0.44 0.46 0.42 0.48
0.08 0.06 0.08 0.06
0.48 0.50 0.49 0.52
0.53 0.55 0.58 0.70
0.51 0.51 0.55 0.59
0.31 0.34 0.26 0.18
0.73 0.69 0.62 0.54
0.34 0.27 0.28 0.27
0.66 0.57 0.57 0.64
0.41 0.43 0.42 0.53
0.54 0.43 0.43 0.36
0.52 0.43 0.49 0.50
0.57 0.54 0.54 0.53
0.27 0.29 0.31 0.35
0.71 0.66 0.70 0.72
0.29 0.22 0.20 0.14
0.69 0.84 0.78 0.89
0.61 0.59 0.63 0.65
0.68 0.47 0.50 0.48
0.12 0.19 0.20 0.16
0.84 0.83 0.88 0.85
0.30 0.32 0.32 0.31
0.67 0.73 0.66 0.61
0.47 0.44 0.49 0.54
0.53 0.49 0.50 0.45
0.46 0.52 0.52 0.57
0.66 0.52 0.56 0.48
0.39 0.36 0.41 0.39
0.29 0.52 0.47 0.47
0.49 0.45 0.44 0.55
0.40 0.32 0.35 0.25
0.66 0.68 0.68 0.66
0.45 0.46 0.49 0.56
0.31 0.43 0.39 0.41
0.46 0.60 0.57 0.69
0.59 0.60 0.59 0.65
0.38 0.36 0.42 0.52
0.58 0.46 0.49 0.55
0.57 0.57 0.55 0.46
0.30 0.26 0.27 0.31
0.57 0.40 0.48 0.53
0.36 0.42 0.40 0.39
0.28 0.08 0.19 0.20
0.32 0.25 0.30 0.35
0.33 0.35 0.38 0.43
0.39 0.43 0.42 0.43
0.37 0.29 0.33 0.35
0.41 0.28 0.30 0.30
0.53 0.56 0.59 0.60
0.67 0.61 0.69 0.70
0.45 0.40 0.41 0.35
0.40 0.42 0.40 0.46
0.45 0.56 0.51 0.49
0.71 0.74 0.67 0.58
0.61 0.53 0.57 0.64
0.46 0.34 0.38 0.33
0.58 0.52 0.54 0.51
0.24 0.21 0.27 0.31
0.69 0.60 0.67 0.67
0.53 0.47 0.49 0.56
0.30 0.24 0.29 0.31
0.48 0.40 0.42 0.47
0.63 0.63 0.55 0.47
0.60 0.73 0.69 0.70
0.47 0.48 0.49 0.53
0.39 0.36 0.41 0.47
0.37 0.28 0.29 0.31
0.38 0.35 0.34 0.41
0.35 0.41 0.38 0.44
0.59 0.60 0.59 0.62
0.29 0.30 0.30 0.26
0.76 0.74 0.70 0.68
0.17 0.21 0.21 0.22
0.50 0.44 0.51 0.60
0.36 0.37 0.38 0.39
0.53 0.60 0.61 0.72
0.26 0.23 0.20 0.11
0.67 0.67 0.67 0.67
0.61 0.59 0.58 0.54
0.64 0.60 0.61 0.73
0.80 0.80 0.76 0.77
0.44 0.33 0.34 0.43
0.21 0.08 0.14 0.18
0.19 0.17 0.18 0.17
0.52 0.52 0.46 0.52
0.58 0.57 0.57 0.63
0.39 0.33 0.40 0.48
0.59 0.62 0.58 0.62
0.40 0.43 0.38 0.31
0.48 0.41 0.51 0.63
0.47 0.41 0.39 0.31
0.62 0.53 0.58 0.61
0.62 0.49 0.50 0.51
0.49 0.45 0.50 0.53
0.32 0.34 0.36 0.31
0.51 0.40 0.46 0.60
0.44 0.43 0.46 0.45
0.43 0.15 0.25 0.25
0.51 0.41 0.48 0.56
0.68 0.65 0.60 0.66
0.38 0.36 0.36 0.37
0.40 0.32 0.35 0.36
0.46 0.42 0.47 0.47
0.60 0.71 0.71 0.76
0.37 0.31 0.35 0.34
0.46 0.42 0.41 0.33
0.62 0.59 0.56 0.54
0.54 0.34 0.42 0.50
0.51 0.36 0.37 0.39
0.76 0.77 0.75 0.83
0.61 0.62 0.60 0.63
0.35 0.34 0.41 0.51
0.64 0.61 0.61 0.67
0.69 0.68 0.68 0.74
0.37 0.11 0.12 0.10
0.41 0.39 0.43 0.48
0.31 0.37 0.36 0.35
0.20 0.25 0.26 0.35
0.35 0.36 0.37 0.29
0.47 0.38 0.42 0.39
0.35 0.39 0.36 0.42
0.72 0.76 0.71 0.74
0.42 0.40 0.45 0.39
0.59 0.43 0.45 0.45
0.35 0.24 0.30 0.38
0.59 0.47 0.55 0.64
0.36 0.27 0.28 0.30
0.46 0.37 0.39 0.37
0.25 0.28 0.27 0.44
0.16 0.15 0.16 0.07
0.31 0.11 0.21 0.27
0.26 0.24 0.25 0.23
0.44 0.37 0.40 0.44
0.53 0.50 0.55 0.43
0.60 0.56 0.62 0.64
0.77 0.85 0.82 0.88
0.79 0.71 0.68 0.61
0.39 0.32 0.38 0.46
0.40 0.37 0.44 0.51
0.51 0.46 0.50 0.58
0.46 0.32 0.35 0.37
0.57 0.57 0.53 0.52
0.62 0.63 0.63 0.74
0.25 0.23 0.28 0.30
0.50 0.52 0.51 0.48
0.54 0.60 0.53 0.51
0.26 0.23 0.25 0.26
0.09 0.08 0.11 0.04
0.55 0.56 0.54 0.57
0.68 0.65 0.61 0.56
0.34 0.13 0.20 0.19
0.30 0.29 0.34 0.33
0.28 0.34 0.30 0.37
0.63 0.61 0.66 0.80
0.51 0.58 0.56 0.61
0.69 0.75 0.68 0.77
0.46 0.28 0.30 0.24
0.33 0.13 0.20 0.25
0.45 0.48 0.45 0.56
0.46 0.53 0.53 0.51
0.45 0.37 0.49 0.57
0.30 0.36 0.36 0.29
0.54 0.50 0.50 0.55
0.45 0.49 0.49 0.47
0.62 0.62 0.65 0.73
0.51 0.47 0.44 0.45
0.56 0.46 0.49 0.39
0.44 0.44 0.43 0.36
0.71 0.82 0.79 0.79
0.38 0.39 0.39 0.32
0.60 0.56 0.57 0.52
0.29 0.20 0.21 0.26
0.46 0.44 0.48 0.59
0.64 0.65 0.63 0.63
0.33 0.27 0.35 0.41
0.31 0.27 0.33 0.34
0.54 0.64 0.57 0.57
0.41 0.37 0.40 0.39
0.54 0.39 0.42 0.49
0.24 0.28 0.22 0.16
0.46 0.48 0.49 0.57
0.52 0.48 0.52 0.59
0.44 0.36 0.42 0.43
0.45 0.42 0.44 0.46
0.52 0.49 0.51 0.60
0.63 0.65 0.64 0.64
0.43 0.42 0.43 0.44
0.22 0.14 0.12 0.00
0.72 0.60 0.61 0.56
0.49 0.41 0.45 0.52
0.43 0.43 0.47 0.45
0.46 0.46 0.42 0.47
0.70 0.60 0.61 0.55
0.35 0.37 0.34 0.29
0.33 0.33 0.37 0.32
0.40 0.34 0.39 0.34
0.50 0.48 0.44 0.50
0.42 0.35 0.44 0.43
0.70 0.63 0.67 0.66
0.35 0.36 0.36 0.40
0.66 0.65 0.71 0.75
0.59 0.59 0.58 0.50
0.58 0.66 0.60 0.57
0.47 0.40 0.41 0.41
0.27 0.27 0.24 0.20
0.09 0.11 0.17 0.30
0.43 0.40 0.38 0.37
0.39 0.38 0.40 0.40
0.45 0.41 0.41 0.44
0.55 0.55 0.51 0.59
0.46 0.44 0.46 0.55
0.42 0.46 0.44 0.35
0.61 0.48 0.49 0.56
0.35 0.27 0.34 0.38
0.41 0.22 0.30 0.34
0.31 0.46 0.43 0.51
0.37 0.21 0.28 0.25
0.39 0.39 0.38 0.41
0.49 0.51 0.54 0.50
0.49 0.38 0.39 0.42
0.36 0.34 0.34 0.31
0.67 0.52 0.52 0.48
0.39 0.55 0.48 0.44
0.48 0.49 0.48 0.54
0.25 0.18 0.27 0.28
0.32 0.23 0.28 0.22
0.35 0.23 0.30 0.32
0.55 0.52 0.53 0.44
0.37 0.45 0.44 0.41
0.45 0.48 0.45 0.51
0.58 0.63 0.67 0.58
0.44 0.44 0.44 0.45
0.59 0.56 0.52 0.55
0.56 0.58 0.60 0.64
0.45 0.41 0.44 0.32
0.67 0.70 0.71 0.74
0.42 0.48 0.45 0.37
0.22 0.18 0.20 0.29
0.23 0.18 0.23 0.33
0.49 0.45 0.42 0.34
0.51 0.48 0.48 0.53
0.27 0.24 0.29 0.40
0.64 0.57 0.63 0.64
0.21 0.13 0.17 0.13
0.40 0.28 0.33 0.33
0.46 0.48 0.51 0.55
0.45 0.55 0.50 0.39
0.41 0.16 0.30 0.36
0.48 0.54 0.49 0.43
0.21 0.14 0.15 0.05
0.57 0.62 0.59 0.59
0.54 0.61 0.56 0.57
0.66 0.59 0.65 0.67
0.50 0.50 0.49 0.56
0.51 0.48 0.53 0.60
0.35 0.32 0.39 0.39
0.44 0.38 0.41 0.49
0.36 0.30 0.32 0.32
0.41 0.48 0.43 0.48
0.28 0.19 0.18 0.19
0.45 0.43 0.46 0.49
0.50 0.45 0.49 0.51
0.55 0.47 0.52 0.56
0.54 0.51 0.53 0.52
0.67 0.64 0.65 0.65
0.18 0.26 0.27 0.32
0.51 0.52 0.53 0.42
0.36 0.41 0.41 0.47
0.23 0.17 0.28 0.41
0.56 0.57 0.58 0.59
0.42 0.44 0.42 0.39
0.23 0.17 0.23 0.21
0.60 0.65 0.58 0.55
0.43 0.44 0.49 0.49
0.35 0.23 0.30 0.41
0.18 0.16 0.19 0.04
0.53 0.56 0.52 0.61
0.54 0.47 0.51 0.55
0.67 0.56 0.57 0.54
0.50 0.46 0.50 0.47
0.26 0.25 0.27 0.40
0.16 0.20 0.27 0.40
0.41 0.44 0.38 0.34
0.19 0.10 0.17 0.26
0.52 0.50 0.49 0.48
0.68 0.55 0.61 0.64
0.22 0.21 0.20 0.24
0.42 0.45 0.44 0.46
0.47 0.41 0.44 0.47
0.32 0.33 0.31 0.44
0.31 0.31 0.31 0.30
0.48 0.43 0.49 0.63
0.45 0.40 0.43 0.49
0.56 0.39 0.40 0.47
0.50 0.38 0.40 0.51
0.18 0.12 0.17 0.24
0.52 0.55 0.54 0.57
0.54 0.57 0.55 0.61
0.47 0.42 0.46 0.56
0.54 0.65 0.64 0.57
0.61 0.54 0.62 0.63
0.55 0.49 0.51 0.49
0.46 0.51 0.47 0.52
0.77 0.71 0.73 0.73
0.60 0.64 0.67 0.61
0.69 0.55 0.55 0.57
0.03 0.00 0.00 0.00
0.55 0.43 0.51 0.49
0.52 0.52 0.50 0.47
0.43 0.46 0.42 0.50
0.48 0.55 0.56 0.60
0.48 0.49 0.48 0.51
0.34 0.34 0.31 0.33
0.53 0.59 0.54 0.53
0.31 0.26 0.27 0.38
0.31 0.31 0.35 0.39
0.47 0.53 0.51 0.63
0.67 0.73 0.73 0.71
0.48 0.37 0.41 0.35
0.51 0.39 0.34 0.27
0.49 0.50 0.42 0.40
0.73 0.73 0.73 0.67
0.33 0.34 0.31 0.32
0.61 0.62 0.61 0.63
0.43 0.46 0.45 0.40
0.36 0.41 0.33 0.31
0.19 0.16 0.16 0.15
0.25 0.22 0.25 0.25
0.32 0.27 0.28 0.38
0.49 0.39 0.43 0.52
0.50 0.41 0.42 0.45
0.39 0.30 0.31 0.23
0.24 0.25 0.29 0.35
0.46 0.38 0.43 0.51
0.37 0.29 0.31 0.27
0.41 0.50 0.46 0.48
0.26 0.23 0.24 0.20
0.37 0.32 0.38 0.46
0.45 0.45 0.40 0.31
0.51 0.53 0.48 0.36
0.49 0.49 0.44 0.43
0.49 0.49 0.43 0.35
0.31 0.30 0.30 0.27
0.36 0.34 0.37 0.34
0.26 0.12 0.16 0.26
0.28 0.18 0.20 0.34
0.45 0.34 0.32 0.24
0.52 0.49 0.47 0.41
0.31 0.26 0.26 0.26
0.53 0.49 0.46 0.43
0.46 0.38 0.39 0.40
0.41 0.42 0.45 0.50
0.51 0.44 0.44 0.44
0.66 0.63 0.62 0.58
0.46 0.41 0.39 0.40
0.80 0.67 0.69 0.75
0.43 0.39 0.38 0.35
0.42 0.27 0.27 0.32
0.85 0.82 0.83 0.77
0.83 0.71 0.73 0.78
0.35 0.25 0.27 0.34
0.39 0.39 0.34 0.44
0.27 0.38 0.30 0.27
0.45 0.43 0.40 0.44
0.15 0.18 0.16 0.17
0.35 0.44 0.39 0.35
0.49 0.48 0.49 0.42
0.56 0.48 0.48 0.64
0.70 0.67 0.65 0.73
0.43 0.40 0.40 0.42
0.44 0.44 0.39 0.34
0.96 0.78 0.81 0.87
0.51 0.58 0.51 0.40
0.21 0.14 0.23 0.43
0.57 0.47 0.46 0.37
0.58 0.47 0.50 0.54
0.51 0.52 0.53 0.51
0.62 0.50 0.54 0.59
0.41 0.38 0.29 0.25
0.52 0.36 0.44 0.45
0.33 0.19 0.21 0.27
0.53 0.35 0.34 0.29
0.75 0.56 0.54 0.58
0.87 0.78 0.73 0.64
0.41 0.39 0.40 0.48
0.36 0.35 0.36 0.34
0.65 0.57 0.58 0.52
0.47 0.41 0.41 0.44
0.51 0.42 0.46 0.68
0.50 0.51 0.46 0.40
0.27 0.25 0.26 0.33
0.53 0.43 0.44 0.47
0.35 0.32 0.30 0.38
0.49 0.42 0.46 0.50
0.43 0.53 0.49 0.52
0.28 0.18 0.20 0.26
0.27 0.20 0.23 0.38
0.54 0.48 0.57 0.60
0.36 0.42 0.41 0.34
0.62 0.61 0.66 0.75
0.61 0.58 0.56 0.68
0.19 0.23 0.20 0.17
0.47 0.30 0.37 0.33
0.74 0.72 0.70 0.81
0.73 0.60 0.60 0.54
0.47 0.38 0.39 0.53
0.41 0.31 0.26 0.35
0.51 0.41 0.41 0.44
0.54 0.50 0.49 0.50
0.60 0.62 0.60 0.61
0.64 0.51 0.56 0.65
0.33 0.34 0.29 0.27
0.53 0.36 0.32 0.32
0.51 0.44 0.41 0.37
0.50 0.53 0.54 0.53
0.43 0.43 0.40 0.39
0.66 0.68 0.68 0.70
0.70 0.68 0.70 0.65
0.37 0.32 0.32 0.43
0.55 0.48 0.50 0.58
0.45 0.42 0.41 0.46
0.42 0.41 0.42 0.45
0.38 0.34 0.32 0.35
0.42 0.46 0.43 0.43
0.55 0.47 0.45 0.47
0.30 0.40 0.34 0.38
0.42 0.41 0.42 0.45
0.60 0.55 0.59 0.61
0.64 0.60 0.58 0.56
0.44 0.47 0.48 0.45
0.47 0.42 0.36 0.30
0.77 0.72 0.71 0.78
0.38 0.40 0.32 0.33
0.57 0.62 0.56 0.69
0.43 0.42 0.40 0.21
0.44 0.55 0.54 0.45
0.37 0.30 0.33 0.31
0.41 0.28 0.34 0.31
0.66 0.62 0.62 0.61
0.59 0.68 0.62 0.71
0.54 0.54 0.54 0.53
0.44 0.36 0.32 0.33
0.83 0.79 0.75 0.80
0.54 0.52 0.55 0.65
0.46 0.39 0.35 0.28
0.61 0.65 0.64 0.59
0.53 0.52 0.50 0.42
0.55 0.44 0.46 0.53
0.27 0.31 0.28 0.25
0.52 0.46 0.45 0.51
0.40 0.42 0.41 0.32
0.52 0.50 0.52 0.59
0.17 0.17 0.18 0.24
0.42 0.43 0.37 0.34
0.23 0.29 0.23 0.08
0.53 0.45 0.47 0.57
0.64 0.62 0.56 0.61
0.46 0.43 0.38 0.43
0.51 0.45 0.47 0.48
0.45 0.38 0.36 0.33
0.37 0.31 0.36 0.47
0.33 0.23 0.29 0.28
0.43 0.33 0.34 0.29
0.59 0.55 0.55 0.58
0.32 0.26 0.24 0.15
0.41 0.41 0.38 0.41
0.29 0.25 0.28 0.27
0.42 0.44 0.43 0.63
0.42 0.44 0.40 0.42
0.44 0.46 0.44 0.47
0.35 0.26 0.27 0.26
0.06 0.03 0.05 0.05
0.30 0.20 0.22 0.19
0.67 0.72 0.70 0.75
0.35 0.41 0.34 0.37
0.29 0.25 0.24 0.25
0.66 0.49 0.55 0.58
0.34 0.27 0.22 0.18
0.48 0.43 0.44 0.57
0.61 0.57 0.56 0.51
0.50 0.48 0.48 0.48
0.33 0.22 0.23 0.29
0.32 0.44 0.39 0.42
0.57 0.47 0.48 0.52
0.61 0.65 0.60 0.46
0.47 0.47 0.44 0.46
0.48 0.45 0.46 0.46
0.48 0.35 0.37 0.47
0.59 0.53 0.54 0.68
0.65 0.55 0.59 0.54
0.51 0.41 0.41 0.41
0.75 0.73 0.74 0.68
0.60 0.57 0.54 0.48
0.39 0.44 0.41 0.43
0.54 0.53 0.55 0.61
0.51 0.48 0.52 0.55
0.54 0.54 0.48 0.48
0.62 0.69 0.62 0.66
0.68 0.51 0.58 0.64
0.43 0.37 0.35 0.40
0.30 0.35 0.34 0.48
0.31 0.37 0.40 0.51
0.59 0.51 0.49 0.44
0.42 0.38 0.39 0.43
0.81 0.83 0.83 0.81
0.75 0.67 0.67 0.70
0.43 0.42 0.38 0.44
0.45 0.39 0.42 0.45
0.79 0.82 0.78 0.86
0.51 0.46 0.47 0.44
0.53 0.55 0.53 0.54
0.24 0.12 0.14 0.13
0.59 0.54 0.53 0.51
0.27 0.36 0.36 0.41
0.73 0.70 0.70 0.80
0.36 0.35 0.30 0.17
0.37 0.18 0.21 0.24
0.52 0.58 0.54 0.54
0.30 0.31 0.29 0.22
0.64 0.60 0.55 0.54
0.70 0.55 0.60 0.57
0.71 0.62 0.64 0.61
0.26 0.15 0.22 0.32
0.44 0.38 0.41 0.50
0.34 0.34 0.28 0.38
0.79 0.79 0.73 0.70
0.37 0.35 0.38 0.46
0.72 0.71 0.70 0.59
0.41 0.29 0.28 0.25
0.86 0.72 0.74 0.77
0.39 0.44 0.40 0.34
0.32 0.30 0.35 0.31
0.52 0.48 0.42 0.39
0.53 0.41 0.46 0.53
0.44 0.39 0.37 0.33
0.38 0.35 0.35 0.31
0.50 0.41 0.46 0.44
0.35 0.30 0.28 0.27
0.50 0.50 0.49 0.53
0.44 0.22 0.29 0.24
0.49 0.50 0.48 0.61
0.24 0.18 0.19 0.34
0.40 0.44 0.38 0.39
0.71 0.73 0.68 0.73
0.50 0.46 0.47 0.50
0.42 0.35 0.41 0.45
0.43 0.34 0.36 0.36
0.39 0.36 0.35 0.35
0.51 0.48 0.44 0.38
0.40 0.33 0.29 0.28
0.48 0.34 0.34 0.38
0.67 0.67 0.57 0.59
0.41 0.41 0.40 0.44
0.48 0.50 0.47 0.40
0.46 0.51 0.45 0.47
0.49 0.48 0.46 0.45
0.39 0.36 0.37 0.45
0.52 0.42 0.47 0.51
0.57 0.56 0.51 0.59
0.29 0.30 0.30 0.31
0.69 0.61 0.65 0.69
0.33 0.29 0.28 0.28
0.53 0.63 0.57 0.48
0.45 0.41 0.43 0.50
0.38 0.47 0.39 0.41
0.69 0.73 0.70 0.62
0.47 0.39 0.41 0.49
0.63 0.68 0.63 0.58
0.39 0.36 0.37 0.39
0.47 0.38 0.39 0.36
0.24 0.28 0.29 0.31
0.50 0.42 0.38 0.47
0.46 0.46 0.42 0.44
0.10 0.00 0.04 0.02
0.20 0.16 0.20 0.33
0.34 0.29 0.28 0.19
0.32 0.27 0.28 0.37
0.61 0.44 0.49 0.45
0.56 0.42 0.46 0.48
0.51 0.42 0.41 0.32
0.40 0.30 0.32 0.29
0.44 0.43 0.43 0.47
0.39 0.30 0.33 0.29
0.18 0.16 0.19 0.21
0.28 0.26 0.26 0.20
0.32 0.19 0.24 0.19
0.43 0.32 0.35 0.38
0.54 0.57 0.55 0.47
0.44 0.32 0.34 0.45
0.66 0.46 0.54 0.58
0.46 0.44 0.45 0.46
0.34 0.29 0.32 0.25
0.43 0.33 0.36 0.44
0.53 0.37 0.42 0.53
0.49 0.35 0.45 0.58
0.39 0.39 0.34 0.17
0.49 0.40 0.46 0.57
0.41 0.36 0.41 0.43
0.61 0.56 0.61 0.66
0.56 0.46 0.51 0.62
0.18 0.09 0.14 0.03
0.56 0.63 0.59 0.63
0.25 0.22 0.20 0.14
0.41 0.27 0.28 0.28
0.32 0.29 0.33 0.33
0.50 0.48 0.46 0.49
0.55 0.48 0.50 0.50
0.45 0.42 0.47 0.49
0.66 0.65 0.61 0.54
0.85 0.88 0.87 0.87
0.48 0.33 0.39 0.49
0.51 0.46 0.52 0.52
0.63 0.53 0.53 0.55
0.50 0.39 0.41 0.51
0.41 0.39 0.40 0.36
0.60 0.59 0.61 0.66
0.28 0.23 0.23 0.27
0.18 0.12 0.14 0.13
0.33 0.36 0.33 0.41
0.59 0.61 0.56 0.55
0.27 0.40 0.32 0.32
0.42 0.39 0.49 0.53
0.76 0.80 0.75 0.72
0.43 0.41 0.43 0.45
0.62 0.52 0.55 0.68
0.33 0.37 0.34 0.31
0.41 0.37 0.37 0.35
0.23 0.21 0.20 0.14
0.25 0.25 0.28 0.39
0.54 0.50 0.50 0.47
0.56 0.43 0.50 0.59
0.37 0.22 0.24 0.25
0.36 0.15 0.20 0.11
0.42 0.47 0.46 0.48
0.42 0.38 0.39 0.42
0.45 0.46 0.48 0.48
0.48 0.45 0.51 0.46
0.45 0.45 0.43 0.36
0.57 0.46 0.45 0.52
0.50 0.49 0.46 0.35
0.13 0.24 0.21 0.14
0.32 0.25 0.31 0.26
0.00 0.00 0.00 0.00
0.09 0.03 0.08 0.20
0.55 0.46 0.47 0.44
0.56 0.62 0.53 0.53
0.64 0.70 0.67 0.66
0.29 0.21 0.21 0.34
0.51 0.36 0.41 0.50
0.81 0.87 0.87 0.90
0.69 0.54 0.57 0.67
0.63 0.56 0.57 0.59
0.21 0.30 0.28 0.33
0.48 0.53 0.49 0.47
0.55 0.53 0.49 0.53
0.35 0.51 0.44 0.40
0.26 0.24 0.18 0.21
0.69 0.69 0.66 0.71
0.22 0.20 0.20 0.26
0.42 0.45 0.36 0.37
0.32 0.27 0.17 0.18
0.45 0.43 0.40 0.48
0.05 0.18 0.16 0.19
0.46 0.38 0.38 0.50
0.93 0.87 0.83 0.87
0.35 0.35 0.33 0.50
0.63 0.63 0.55 0.59
0.38 0.44 0.42 0.54
0.22 0.25 0.24 0.22
0.51 0.50 0.54 0.62
0.42 0.43 0.42 0.48
0.36 0.39 0.38 0.46
0.59 0.65 0.61 0.62
0.18 0.13 0.20 0.27
0.02 0.13 0.12 0.24
0.14 0.14 0.24 0.38
0.38 0.42 0.30 0.19
0.40 0.43 0.41 0.54
0.39 0.32 0.38 0.47
0.40 0.32 0.27 0.41
0.04 0.11 0.06 0.00
0.54 0.51 0.52 0.51
0.43 0.51 0.49 0.49
0.67 0.61 0.61 0.57
0.66 0.48 0.43 0.34
0.39 0.25 0.32 0.45
0.71 0.72 0.70 0.61
0.57 0.53 0.52 0.51
0.72 0.58 0.61 0.68
0.62 0.49 0.48 0.49
0.41 0.52 0.44 0.44
0.61 0.56 0.54 0.63
0.43 0.48 0.45 0.56
0.83 0.86 0.84 0.86
0.73 0.73 0.70 0.69
0.44 0.38 0.36 0.30
0.38 0.30 0.35 0.36
0.19 0.13 0.22 0.23
0.52 0.45 0.41 0.44
0.62 0.55 0.58 0.68
0.49 0.45 0.37 0.38
0.46 0.37 0.37 0.27
0.37 0.46 0.38 0.49
0.25 0.27 0.25 0.33
0.55 0.50 0.51 0.54
0.64 0.56 0.53 0.56
0.48 0.49 0.46 0.45
0.24 0.25 0.24 0.29
0.27 0.18 0.15 0.08
0.72 0.63 0.66 0.67
0.48 0.45 0.49 0.51
0.43 0.48 0.47 0.58
0.30 0.34 0.34 0.31
0.70 0.63 0.64 0.66
0.51 0.49 0.46 0.46
0.40 0.46 0.46 0.55
0.35 0.39 0.40 0.55
0.64 0.65 0.61 0.61
0.45 0.53 0.53 0.59
0.67 0.63 0.63 0.76
0.47 0.42 0.40 0.47
0.35 0.30 0.29 0.35
0.15 0.19 0.13 0.16
0.09 0.14 0.17 0.26
0.65 0.66 0.67 0.66
0.48 0.55 0.50 0.47
0.52 0.39 0.37 0.37
0.65 0.57 0.55 0.59
0.33 0.19 0.25 0.34
0.50 0.52 0.47 0.51
0.54 0.56 0.47 0.42
0.48 0.48 0.47 0.49
0.52 0.54 0.46 0.48
0.39 0.31 0.36 0.43
0.35 0.35 0.31 0.25
0.48 0.48 0.41 0.50
0.43 0.29 0.35 0.35
0.48 0.39 0.40 0.45
0.16 0.14 0.18 0.18
0.65 0.67 0.64 0.72
0.58 0.51 0.53 0.51
0.42 0.38 0.30 0.23
0.75 0.79 0.73 0.80
0.59 0.68 0.65 0.61
0.51 0.57 0.54 0.50
0.23 0.30 0.29 0.23
0.45 0.40 0.38 0.48
0.60 0.60 0.56 0.56
0.37 0.40 0.38 0.29
0.43 0.49 0.47 0.51
0.18 0.11 0.07 0.13
0.31 0.42 0.39 0.37
0.24 0.12 0.18 0.20
0.18 0.21 0.19 0.17
0.39 0.43 0.41 0.34
0.64 0.72 0.69 0.81
0.09 0.04 0.03 0.00
0.32 0.33 0.34 0.33
0.63 0.64 0.61 0.53
0.48 0.39 0.41 0.56
0.20 0.14 0.17 0.18
0.30 0.33 0.35 0.39
0.68 0.71 0.67 0.58
0.75 0.63 0.66 0.74
0.25 0.32 0.25 0.16
0.38 0.33 0.33 0.17
0.37 0.45 0.39 0.37
0.30 0.35 0.34 0.21
0.38 0.48 0.44 0.46
0.47 0.57 0.50 0.57
0.30 0.18 0.23 0.25
0.73 0.74 0.70 0.74
0.38 0.42 0.35 0.38
0.13 0.19 0.14 0.08
0.34 0.23 0.20 0.09
0.45 0.45 0.45 0.41
0.28 0.23 0.19 0.17
0.45 0.45 0.40 0.41
0.23 0.14 0.21 0.25
0.68 0.59 0.60 0.60
0.43 0.45 0.47 0.45
0.63 0.60 0.61 0.67
0.30 0.36 0.34 0.34
0.20 0.27 0.26 0.29
0.93 0.95 0.88 0.89
0.56 0.48 0.44 0.40
0.50 0.45 0.47 0.48
0.28 0.29 0.29 0.29
0.50 0.43 0.41 0.28
0.53 0.48 0.51 0.54
0.09 0.03 0.07 0.01
0.37 0.40 0.37 0.39
0.67 0.74 0.65 0.62
0.29 0.30 0.30 0.30
1.00 1.00 1.00 1.00
0.41 0.32 0.36 0.46
0.21 0.20 0.17 0.00
0.65 0.90 0.86 0.81
0.76 0.84 0.82 0.76
0.46 0.55 0.55 0.47
0.58 0.64 0.65 0.60
0.62 0.69 0.66 0.48
0.58 0.59 0.65 0.60
0.89 1.00 0.98 0.93
0.68 0.72 0.80 0.69
0.60 0.62 0.61 0.47
0.69 0.89 0.92 0.84
0.39 0.43 0.35 0.33
0.87 0.86 0.88 0.75
0.66 0.63 0.65 0.70
0.41 0.42 0.36 0.27
0.59 0.66 0.62 0.60
0.57 0.75 0.69 0.59
0.52 0.55 0.63 0.65
0.81 1.00 1.00 0.90
0.65 0.84 0.79 0.67
0.22 0.35 0.34 0.32
0.57 0.50 0.52 0.37
0.64 0.63 0.63 0.57
0.66 0.63 0.66 0.69
0.25 0.29 0.27 0.24
0.63 0.64 0.66 0.56
0.69 0.62 0.66 0.55
0.57 0.47 0.54 0.52
0.56 0.61 0.61 0.44
0.33 0.43 0.50 0.49
0.56 0.55 0.60 0.51
0.16 0.19 0.20 0.08
0.58 0.63 0.64 0.60
0.35 0.36 0.34 0.24
0.86 0.88 0.87 0.67
0.43 0.44 0.43 0.39
0.73 0.88 0.84 0.62
0.18 0.10 0.18 0.09
0.83 0.82 0.78 0.69
0.84 0.96 0.98 0.79
0.40 0.52 0.45 0.36
0.73 0.59 0.59 0.48
0.32 0.29 0.25 0.10
0.76 0.86 0.80 0.71
0.67 0.55 0.54 0.48
0.52 0.60 0.56 0.52
0.50 0.43 0.50 0.36
0.58 0.74 0.70 0.60
0.75 0.98 0.89 0.79
0.24 0.21 0.28 0.19
0.65 0.58 0.66 0.58
0.36 0.29 0.26 0.12
0.35 0.35 0.29 0.26
0.29 0.32 0.28 0.14
0.53 0.59 0.60 0.52
0.16 0.22 0.18 0.12
0.47 0.50 0.52 0.40
0.70 0.63 0.65 0.67
0.48 0.43 0.43 0.36
0.68 0.59 0.66 0.60
0.58 0.61 0.57 0.55
0.35 0.19 0.26 0.23
0.40 0.34 0.40 0.50
0.44 0.39 0.43 0.36
0.54 0.55 0.56 0.55
1.00 0.90 0.93 0.75
1.00 0.89 0.91 0.88
0.20 0.24 0.23 0.21
0.69 0.64 0.54 0.49
0.22 0.29 0.29 0.20
0.41 0.48 0.40 0.30
0.73 0.58 0.65 0.76
0.19 0.34 0.28 0.22
0.18 0.12 0.20 0.13
0.48 0.50 0.44 0.20
0.30 0.27 0.21 0.17
0.40 0.34 0.33 0.27
0.84 0.73 0.75 0.69
0.88 0.75 0.77 0.73
0.58 0.62 0.58 0.41
0.76 0.57 0.61 0.72
0.60 0.48 0.48 0.38
0.07 0.18 0.17 0.28
0.67 0.70 0.64 0.48
0.27 0.39 0.30 0.18
0.54 0.43 0.42 0.40
0.31 0.28 0.25 0.16
0.45 0.42 0.47 0.53
0.81 0.66 0.74 0.66
0.58 0.49 0.53 0.51
0.51 0.55 0.54 0.49
0.00 0.00 0.00 0.00
0.57 0.62 0.64 0.61
0.50 0.67 0.65 0.52
0.49 0.49 0.42 0.27
0.32 0.28 0.16 0.07
0.38 0.36 0.39 0.33
0.21 0.16 0.15 0.09
0.78 0.81 0.77 0.45
0.62 0.51 0.48 0.50
0.00 0.03 0.03 0.05
0.66 0.52 0.52 0.47
0.29 0.32 0.28 0.26
0.90 0.82 0.84 0.83
0.54 0.53 0.60 0.35
0.00 0.07 0.00 0.08
0.43 0.47 0.37 0.27
0.53 0.53 0.49 0.41
0.54 0.43 0.45 0.38
0.38 0.30 0.40 0.33
0.86 0.73 0.73 0.67
0.74 0.54 0.56 0.54
1.00 0.84 0.82 0.64
0.21 0.38 0.33 0.32
0.84 0.78 0.85 0.88
0.04 0.05 0.02 0.05
0.75 0.47 0.53 0.47
0.65 0.51 0.48 0.26
0.00 0.00 0.00 0.00
0.88 0.81 0.82 0.83
0.47 0.32 0.40 0.52
0.48 0.38 0.37 0.27
0.38 0.49 0.44 0.31
0.20 0.31 0.31 0.22
0.95 0.88 0.89 0.94
0.75 0.75 0.66 0.63
0.27 0.41 0.29 0.26
0.43 0.48 0.39 0.29
0.75 0.64 0.59 0.58
0.59 0.49 0.47 0.45
0.52 0.40 0.50 0.34
0.72 0.65 0.62 0.45
0.64 0.63 0.62 0.54
0.35 0.39 0.39 0.21
0.39 0.35 0.42 0.39
0.47 0.51 0.48 0.32
0.36 0.30 0.31 0.29
0.00 0.08 0.11 0.01
0.55 0.36 0.44 0.45
0.91 0.96 0.92 1.00
0.23 0.17 0.13 0.00
0.98 1.00 1.00 1.00
0.57 0.57 0.63 0.72
0.49 0.45 0.52 0.43
0.03 0.04 0.00 0.00
1.00 1.00 1.00 0.99
0.00 0.00 0.00 0.08
0.07 0.02 0.00 0.06
0.91 0.90 0.94 0.85
0.26 0.18 0.19 0.00
0.84 0.57 0.73 0.83
0.42 0.46 0.46 0.41
0.11 0.14 0.00 0.00
0.57 0.75 0.69 0.79
0.48 0.61 0.53 0.56
0.76 0.47 0.53 0.37
0.80 1.00 0.82 0.79
1.00 1.00 1.00 1.00
0.24 0.34 0.29 0.25
0.64 0.53 0.45 0.26
0.00 0.00 0.00 0.00
0.21 0.19 0.19 0.36
1.00 0.86 0.93 0.98
0.26 0.27 0.22 0.00
0.94 0.92 0.90 0.28
0.00 0.00 0.00 0.00
