0.74 0.56 0.62 0.59
0.36 0.35 0.49 0.38
0.71 0.70 0.71 0.70
0.66 0.55 0.73 0.64
0.80 0.66 0.70 0.72
0.44 0.31 0.53 0.38
0.38 0.38 0.47 0.37
0.27 0.31 0.32 0.29
0.73 0.66 0.79 0.60
0.81 0.81 0.97 0.75
0.02 0.22 0.33 0.11
0.54 0.53 0.74 0.49
0.44 0.28 0.54 0.33
0.31 0.33 0.39 0.38
0.56 0.58 0.48 0.70
0.74 0.61 0.84 0.57
0.59 0.31 0.53 0.39
0.46 0.46 0.48 0.52
0.56 0.65 0.68 0.68
0.61 0.56 0.42 0.64
0.49 0.49 0.33 0.53
0.66 0.57 0.58 0.59
0.42 0.37 0.70 0.45
0.59 0.59 0.59 0.50
0.57 0.46 0.70 0.56
0.24 0.39 0.32 0.40
0.87 0.77 0.87 0.79
0.81 0.44 0.64 0.66
0.62 0.66 0.84 0.68
0.43 0.48 0.59 0.52
0.17 0.15 0.25 0.21
0.42 0.46 0.66 0.42
0.41 0.33 0.64 0.36
0.48 0.34 0.48 0.47
0.36 0.26 0.19 0.46
0.84 0.47 0.70 0.67
0.58 0.47 0.53 0.54
0.42 0.48 0.53 0.43
0.48 0.45 0.46 0.37
0.81 0.71 0.80 0.70
0.61 0.55 0.62 0.58
0.36 0.37 0.52 0.49
0.44 0.27 0.50 0.30
0.34 0.46 0.60 0.40
0.25 0.28 0.25 0.31
0.10 0.16 0.20 0.17
0.50 0.47 0.60 0.49
0.45 0.46 0.45 0.39
0.83 0.65 0.50 0.68
0.14 0.00 0.22 0.05
0.66 0.51 0.67 0.55
0.62 0.59 0.62 0.65
0.76 0.64 0.67 0.68
0.33 0.40 0.39 0.46
0.64 0.51 0.72 0.58
0.57 0.63 0.70 0.54
0.66 0.68 0.65 0.66
0.01 0.12 0.00 0.18
0.66 0.73 0.75 0.62
0.33 0.35 0.38 0.40
0.26 0.18 0.36 0.30
0.21 0.15 0.19 0.28
0.53 0.48 0.49 0.57
0.57 0.60 0.61 0.65
0.49 0.47 0.36 0.55
0.57 0.46 0.46 0.51
0.82 0.63 0.80 0.67
0.44 0.49 0.70 0.57
0.72 0.59 0.66 0.67
0.16 0.09 0.10 0.14
0.52 0.53 0.44 0.53
0.62 0.69 0.87 0.64
0.60 0.45 0.65 0.50
0.72 0.78 0.76 0.76
0.31 0.27 0.26 0.26
0.39 0.30 0.28 0.42
0.14 0.27 0.18 0.24
0.42 0.16 0.20 0.29
0.14 0.08 0.00 0.17
0.43 0.36 0.32 0.39
0.54 0.44 0.48 0.52
0.84 0.61 0.80 0.64
0.02 0.00 0.01 0.00
0.48 0.38 0.56 0.32
0.35 0.54 0.36 0.47
0.42 0.53 0.46 0.37
0.21 0.29 0.19 0.16
0.32 0.37 0.37 0.26
0.00 0.00 0.00 0.00
1.00 1.00 1.00 1.00
0.51 0.64 0.39 0.47
0.57 0.81 0.99 0.89
0.65 0.79 0.76 0.86
0.46 0.39 0.28 0.41
1.00 0.80 1.00 0.99
0.54 0.56 0.84 0.44
0.67 0.50 0.55 0.52
0.45 0.45 0.22 0.27
0.55 0.35 0.62 0.45
0.00 0.00 0.00 0.00
