0.38 0.40 0.39
0.49 0.49 0.47
0.08 0.08 0.18
0.42 0.45 0.46
0.38 0.42 0.53
0.31 0.31 0.45
0.69 0.74 0.81
0.51 0.45 0.56
0.58 0.61 0.54
0.67 0.78 0.69
0.71 0.67 0.64
0.70 0.78 0.84
0.23 0.30 0.48
0.45 0.45 0.46
0.67 0.68 0.77
0.77 0.80 0.75
0.54 0.51 0.49
0.28 0.24 0.39
0.16 0.26 0.37
0.55 0.65 0.72
0.63 0.62 0.58
0.88 0.89 0.88
0.69 0.76 0.82
0.62 0.59 0.53
0.64 0.65 0.57
0.97 0.88 0.83
0.18 0.24 0.42
0.34 0.36 0.43
1.00 1.00 0.97
0.58 0.58 0.64
0.42 0.48 0.62
0.58 0.55 0.64
0.26 0.26 0.47
0.49 0.49 0.51
0.32 0.40 0.55
0.13 0.28 0.51
0.41 0.35 0.39
0.17 0.25 0.45
0.45 0.41 0.42
0.43 0.44 0.50
0.05 0.11 0.26
0.43 0.46 0.48
0.13 0.19 0.33
0.41 0.50 0.59
0.58 0.51 0.61
0.12 0.13 0.29
0.57 0.56 0.57
0.59 0.59 0.60
0.00 0.08 0.22
0.00 0.18 0.46
0.15 0.27 0.36
0.68 0.67 0.63
0.71 0.71 0.75
0.19 0.27 0.34
0.18 0.29 0.43
0.00 0.00 0.00
0.46 0.56 0.56
0.80 0.81 0.85
0.52 0.52 0.56
0.35 0.34 0.35
0.52 0.60 0.70
0.31 0.36 0.50
0.63 0.64 0.68
0.66 0.67 0.68
0.67 0.62 0.57
0.18 0.21 0.26
0.80 0.85 0.71
0.33 0.34 0.47
0.18 0.18 0.33
0.57 0.52 0.67
0.60 0.52 0.53
0.38 0.46 0.53
0.41 0.35 0.31
0.45 0.42 0.43
0.20 0.10 0.00
0.42 0.44 0.36
0.37 0.39 0.45
0.82 0.77 0.58
0.97 1.00 1.00
0.55 0.58 0.68
0.42 0.50 0.73
0.34 0.31 0.40
0.14 0.15 0.30
0.17 0.21 0.35
0.77 0.75 0.88
0.34 0.35 0.33
0.00 0.00 0.13
0.24 0.37 0.58
0.04 0.09 0.00
0.00 0.00 0.05
0.05 0.24 0.19
0.04 0.00 0.00
0.15 0.25 0.38
1.00 1.00 1.00
0.00 0.00 0.00
1.00 1.00 1.00
0.58 0.70 0.88
0.00 0.00 0.00
0.33 0.66 0.52
0.27 0.13 0.25
