0.75 0.71 0.69
0.71 0.55 0.56
0.64 0.61 0.57
0.62 0.59 0.60
0.86 0.80 0.78
0.47 0.39 0.40
0.59 0.58 0.54
0.97 0.94 0.91
0.50 0.52 0.50
0.68 0.63 0.65
0.51 0.48 0.49
0.60 0.51 0.51
0.72 0.73 0.75
0.78 0.87 0.71
0.65 0.61 0.54
0.79 0.72 0.73
0.54 0.46 0.43
0.68 0.73 0.75
0.82 0.69 0.68
0.49 0.37 0.36
0.41 0.39 0.40
0.67 0.62 0.53
0.51 0.53 0.55
0.61 0.56 0.55
0.71 0.71 0.64
0.54 0.42 0.49
0.70 0.69 0.61
0.79 0.80 0.73
0.52 0.58 0.53
0.34 0.49 0.36
0.53 0.54 0.54
0.51 0.41 0.45
0.49 0.49 0.49
0.67 0.62 0.61
0.77 0.64 0.64
0.74 0.78 0.70
0.72 0.62 0.58
0.48 0.50 0.45
0.48 0.36 0.32
0.57 0.45 0.50
0.55 0.47 0.49
0.71 0.68 0.59
0.52 0.46 0.42
0.60 0.64 0.58
0.41 0.45 0.42
0.81 0.74 0.77
0.73 0.64 0.66
0.60 0.60 0.48
0.46 0.38 0.43
0.57 0.50 0.43
0.74 0.72 0.69
0.49 0.51 0.52
0.45 0.48 0.45
0.55 0.53 0.42
0.82 0.82 0.75
0.76 0.67 0.77
0.86 0.85 0.81
0.56 0.49 0.48
0.58 0.57 0.55
0.70 0.70 0.62
0.50 0.48 0.48
0.91 0.78 0.81
0.59 0.65 0.59
0.56 0.53 0.53
0.66 0.62 0.65
0.58 0.47 0.54
0.74 0.70 0.73
0.61 0.57 0.44
0.77 0.69 0.70
0.62 0.61 0.57
0.62 0.57 0.49
0.68 0.64 0.62
0.38 0.31 0.29
0.59 0.54 0.52
0.63 0.57 0.52
0.52 0.55 0.51
0.70 0.63 0.65
0.81 0.77 0.79
0.42 0.38 0.38
0.49 0.55 0.52
0.69 0.70 0.62
0.45 0.47 0.45
0.72 0.74 0.71
0.60 0.65 0.54
0.48 0.36 0.41
0.67 0.63 0.64
0.52 0.61 0.61
0.37 0.47 0.37
0.66 0.79 0.60
0.49 0.48 0.36
0.78 0.63 0.65
0.64 0.65 0.64
0.55 0.49 0.51
0.56 0.49 0.54
0.56 0.50 0.49
0.55 0.56 0.56
0.85 0.85 0.75
0.58 0.66 0.54
0.68 0.61 0.58
0.57 0.60 0.56
0.57 0.53 0.48
0.37 0.38 0.34
0.44 0.45 0.41
0.58 0.59 0.57
0.44 0.46 0.33
0.64 0.69 0.62
0.54 0.61 0.57
0.65 0.58 0.59
0.69 0.73 0.60
0.59 0.62 0.51
0.70 0.72 0.61
0.70 0.64 0.59
0.59 0.65 0.60
0.59 0.54 0.56
0.79 0.70 0.69
0.46 0.43 0.45
0.69 0.57 0.55
0.47 0.59 0.51
0.67 0.70 0.63
0.63 0.51 0.61
0.66 0.55 0.62
0.53 0.60 0.46
0.82 0.75 0.71
0.40 0.47 0.35
0.57 0.56 0.52
0.61 0.60 0.44
0.76 0.66 0.75
0.51 0.53 0.47
0.72 0.67 0.63
0.60 0.54 0.43
0.56 0.56 0.50
0.65 0.56 0.49
0.70 0.73 0.73
0.52 0.46 0.49
0.62 0.64 0.57
0.58 0.69 0.56
0.70 0.67 0.62
0.61 0.45 0.47
0.58 0.68 0.51
0.67 0.59 0.59
0.72 0.71 0.66
0.79 0.70 0.69
0.76 0.72 0.61
0.77 0.81 0.73
0.61 0.64 0.55
0.77 0.66 0.64
0.64 0.62 0.49
0.62 0.67 0.59
0.47 0.45 0.47
0.63 0.62 0.50
0.48 0.51 0.50
0.67 0.73 0.66
0.56 0.57 0.52
0.67 0.69 0.71
0.55 0.51 0.57
0.53 0.51 0.44
0.49 0.46 0.43
0.64 0.68 0.59
0.52 0.58 0.56
0.87 0.66 0.71
0.59 0.61 0.58
0.48 0.45 0.46
0.67 0.66 0.60
0.97 0.86 0.90
0.58 0.63 0.50
0.51 0.50 0.53
0.58 0.56 0.56
0.37 0.37 0.35
0.73 0.67 0.63
0.68 0.64 0.66
0.53 0.55 0.51
0.52 0.62 0.50
0.56 0.50 0.48
0.59 0.55 0.51
0.61 0.64 0.57
0.36 0.33 0.32
0.57 0.53 0.54
0.62 0.67 0.61
0.55 0.63 0.53
0.49 0.50 0.46
0.68 0.76 0.66
0.34 0.40 0.32
0.71 0.71 0.57
0.52 0.61 0.50
0.62 0.59 0.62
0.56 0.45 0.43
0.64 0.63 0.66
0.72 0.69 0.62
0.61 0.59 0.53
0.69 0.69 0.64
0.73 0.79 0.69
0.57 0.55 0.57
0.79 0.72 0.73
0.57 0.54 0.50
0.96 0.89 0.93
0.71 0.71 0.65
0.84 0.93 0.87
0.51 0.39 0.47
0.62 0.63 0.52
0.57 0.56 0.53
0.75 0.58 0.65
0.58 0.54 0.52
0.62 0.68 0.58
0.39 0.47 0.44
0.72 0.68 0.66
0.99 1.00 1.00
0.87 0.74 0.79
0.55 0.58 0.60
0.50 0.63 0.52
0.75 0.85 0.81
0.64 0.66 0.72
0.58 0.58 0.61
0.62 0.44 0.50
0.58 0.58 0.58
0.81 0.76 0.87
0.65 0.47 0.63
0.81 0.80 0.77
0.45 0.43 0.36
0.86 0.70 0.77
0.45 0.36 0.41
0.76 0.67 0.78
0.71 0.66 0.78
0.57 0.58 0.54
0.73 0.70 0.70
0.69 0.65 0.64
0.45 0.40 0.34
0.69 0.53 0.65
0.60 0.72 0.64
0.50 0.58 0.55
0.34 0.44 0.42
0.68 0.53 0.60
0.72 0.72 0.68
0.36 0.40 0.36
0.66 0.73 0.60
0.51 0.65 0.62
0.87 0.78 0.89
0.83 0.87 0.84
0.67 0.65 0.71
0.51 0.35 0.44
0.47 0.52 0.53
0.81 0.79 0.73
0.51 0.46 0.47
0.67 0.73 0.68
0.47 0.54 0.51
0.66 0.63 0.62
0.67 0.62 0.66
0.65 0.64 0.68
0.50 0.48 0.49
0.83 0.75 0.76
0.51 0.54 0.50
0.60 0.60 0.59
0.72 0.62 0.61
0.44 0.47 0.47
0.73 0.74 0.80
0.76 0.78 0.83
0.74 0.62 0.67
0.88 0.74 0.81
0.57 0.67 0.57
0.72 0.72 0.71
0.42 0.35 0.45
0.41 0.39 0.45
0.64 0.71 0.67
0.49 0.57 0.55
0.94 0.86 0.94
0.42 0.50 0.40
0.89 0.74 0.85
0.57 0.48 0.44
0.55 0.49 0.51
0.54 0.63 0.57
0.58 0.56 0.53
0.61 0.60 0.62
0.53 0.51 0.48
0.82 0.82 0.75
0.68 0.73 0.72
0.38 0.31 0.36
0.55 0.63 0.66
0.48 0.33 0.42
0.70 0.75 0.74
0.59 0.59 0.63
0.65 0.64 0.59
0.74 0.74 0.71
0.54 0.53 0.57
0.68 0.63 0.67
0.62 0.55 0.62
0.33 0.35 0.39
0.71 0.66 0.71
0.55 0.45 0.51
0.81 0.83 0.85
0.50 0.62 0.51
0.55 0.48 0.56
0.78 0.66 0.80
0.76 0.73 0.77
0.65 0.68 0.58
0.82 0.78 0.78
0.65 0.59 0.64
0.60 0.64 0.60
0.68 0.70 0.67
0.67 0.67 0.71
0.00 0.00 0.00
0.75 0.64 0.74
0.35 0.43 0.35
0.62 0.51 0.63
0.80 0.81 0.94
0.54 0.46 0.37
0.58 0.41 0.54
0.56 0.44 0.57
0.38 0.50 0.51
0.81 0.76 0.83
0.54 0.53 0.55
0.55 0.52 0.59
0.70 0.72 0.79
0.79 0.80 0.78
0.60 0.65 0.64
0.58 0.54 0.53
0.48 0.45 0.51
0.28 0.19 0.29
0.38 0.52 0.52
0.40 0.27 0.41
0.70 0.72 0.69
0.76 0.55 0.67
0.66 0.57 0.63
0.58 0.54 0.60
0.40 0.50 0.44
0.27 0.32 0.25
0.69 0.72 0.79
0.63 0.60 0.63
0.48 0.49 0.53
0.59 0.49 0.52
0.60 0.70 0.73
0.34 0.35 0.34
0.32 0.32 0.32
0.33 0.28 0.31
0.60 0.44 0.55
0.73 0.81 0.75
0.78 0.82 0.76
0.49 0.53 0.57
0.66 0.63 0.67
0.44 0.43 0.49
0.42 0.49 0.54
0.72 0.76 0.71
0.49 0.46 0.58
0.70 0.69 0.72
0.86 0.82 0.84
0.67 0.61 0.60
0.53 0.36 0.48
0.33 0.32 0.28
0.41 0.44 0.48
0.84 0.81 0.77
0.40 0.47 0.50
0.62 0.68 0.59
0.57 0.56 0.47
0.68 0.58 0.58
0.59 0.59 0.55
0.66 0.56 0.64
0.51 0.44 0.53
0.60 0.61 0.66
0.54 0.53 0.49
0.43 0.49 0.53
0.46 0.47 0.50
0.46 0.29 0.40
0.22 0.14 0.24
0.53 0.50 0.56
0.54 0.50 0.51
0.51 0.59 0.57
0.32 0.24 0.26
0.52 0.33 0.46
0.28 0.28 0.35
0.80 0.77 0.76
0.71 0.84 0.74
0.70 0.64 0.69
0.63 0.48 0.60
0.18 0.21 0.21
0.60 0.43 0.43
0.83 0.74 0.86
0.72 0.52 0.65
0.85 0.83 0.90
0.46 0.37 0.58
0.07 0.17 0.22
0.61 0.75 0.76
0.54 0.60 0.62
0.34 0.33 0.43
0.84 0.69 0.75
0.74 0.69 0.61
0.57 0.63 0.60
0.85 0.77 0.79
0.34 0.49 0.45
0.44 0.45 0.43
0.45 0.31 0.51
0.62 0.57 0.60
0.93 0.97 0.89
0.74 0.69 0.78
0.44 0.36 0.37
0.79 0.70 0.71
0.61 0.66 0.68
0.30 0.34 0.35
0.42 0.33 0.30
0.75 0.61 0.74
0.61 0.70 0.63
0.92 0.87 0.86
0.72 0.65 0.76
0.32 0.34 0.36
0.39 0.26 0.34
0.53 0.46 0.47
0.33 0.41 0.45
0.22 0.14 0.25
0.31 0.28 0.23
0.84 0.68 0.84
0.45 0.52 0.59
0.57 0.42 0.53
0.52 0.42 0.58
0.21 0.32 0.18
0.53 0.56 0.53
0.81 0.79 0.78
0.41 0.38 0.31
0.68 0.73 0.71
0.38 0.30 0.36
0.51 0.60 0.51
0.42 0.40 0.44
0.49 0.41 0.52
0.46 0.49 0.63
0.65 0.54 0.57
1.00 1.00 0.98
0.44 0.44 0.54
0.31 0.17 0.19
0.18 0.28 0.17
0.63 0.68 0.68
0.49 0.37 0.52
0.15 0.18 0.07
0.63 0.62 0.53
0.42 0.38 0.44
0.57 0.48 0.69
0.51 0.52 0.52
0.61 0.53 0.62
0.48 0.41 0.49
0.44 0.29 0.31
0.36 0.24 0.22
0.58 0.61 0.60
0.49 0.55 0.57
0.52 0.49 0.60
0.29 0.26 0.30
0.54 0.53 0.52
0.56 0.52 0.57
0.47 0.38 0.40
0.57 0.48 0.64
0.36 0.47 0.41
0.40 0.38 0.43
0.66 0.70 0.62
0.26 0.29 0.33
0.93 0.84 0.89
0.36 0.30 0.32
0.59 0.67 0.62
0.64 0.51 0.58
0.61 0.54 0.61
0.53 0.60 0.56
0.42 0.49 0.45
0.68 0.51 0.64
0.46 0.46 0.45
0.84 0.97 1.00
0.61 0.54 0.69
0.38 0.36 0.40
0.77 0.64 0.71
0.54 0.55 0.51
0.65 0.55 0.65
0.63 0.62 0.70
0.24 0.26 0.15
0.72 0.64 0.69
0.64 0.67 0.68
0.64 0.61 0.57
0.62 0.49 0.58
0.80 0.67 0.79
0.42 0.39 0.45
0.10 0.14 0.17
0.54 0.41 0.62
0.67 0.69 0.68
0.63 0.54 0.57
0.23 0.26 0.28
0.41 0.31 0.38
0.64 0.58 0.68
0.23 0.22 0.31
0.15 0.11 0.19
0.44 0.32 0.45
0.61 0.52 0.47
0.85 0.81 0.81
0.57 0.50 0.56
0.43 0.43 0.45
0.32 0.33 0.37
0.45 0.38 0.45
0.60 0.63 0.70
0.65 0.59 0.67
0.75 0.68 0.70
0.57 0.51 0.59
0.67 0.68 0.65
0.47 0.44 0.42
0.45 0.38 0.45
0.41 0.50 0.49
0.58 0.59 0.55
0.47 0.40 0.42
0.34 0.28 0.38
0.95 0.75 0.82
0.32 0.27 0.37
0.59 0.43 0.50
0.80 0.64 0.74
0.84 0.60 0.73
0.53 0.36 0.50
0.51 0.49 0.51
0.51 0.43 0.50
0.55 0.61 0.59
0.80 0.83 0.86
0.35 0.34 0.34
0.69 0.68 0.73
0.44 0.44 0.46
0.62 0.59 0.67
0.29 0.30 0.35
0.29 0.20 0.27
0.84 0.70 0.75
0.36 0.32 0.38
0.51 0.46 0.59
0.50 0.49 0.44
0.53 0.57 0.50
0.60 0.55 0.60
0.71 0.50 0.69
0.59 0.65 0.63
0.65 0.43 0.49
0.70 0.50 0.62
0.59 0.62 0.54
0.47 0.45 0.51
0.45 0.32 0.47
0.66 0.53 0.63
0.58 0.68 0.55
0.57 0.55 0.53
0.49 0.54 0.57
0.68 0.65 0.71
0.60 0.50 0.56
0.40 0.53 0.48
0.81 0.74 0.78
0.77 0.62 0.69
0.60 0.46 0.56
0.40 0.31 0.46
0.45 0.29 0.33
0.65 0.60 0.53
0.46 0.51 0.45
0.59 0.51 0.54
0.61 0.54 0.54
0.49 0.45 0.56
0.39 0.36 0.36
0.49 0.42 0.56
0.59 0.49 0.56
0.77 0.74 0.84
0.54 0.48 0.53
0.26 0.16 0.26
0.77 0.66 0.80
0.29 0.21 0.28
0.63 0.62 0.57
0.68 0.70 0.67
0.50 0.53 0.52
0.47 0.43 0.48
0.53 0.34 0.43
0.48 0.36 0.43
0.57 0.49 0.52
0.51 0.48 0.45
0.63 0.44 0.58
0.25 0.31 0.21
0.41 0.30 0.31
0.69 0.63 0.68
0.61 0.37 0.48
0.85 0.82 0.86
0.42 0.42 0.32
0.47 0.32 0.41
0.71 0.63 0.74
0.50 0.49 0.47
0.76 0.73 0.80
0.74 0.52 0.65
0.65 0.75 0.78
0.41 0.28 0.30
0.59 0.64 0.57
0.26 0.36 0.35
0.30 0.32 0.34
0.88 0.82 0.97
0.94 0.87 0.94
0.46 0.49 0.46
0.67 0.68 0.71
0.90 0.76 0.88
0.15 0.08 0.18
0.45 0.42 0.50
0.93 1.00 0.99
0.00 0.04 0.00
0.34 0.32 0.26
0.39 0.26 0.32
0.18 0.22 0.25
0.48 0.44 0.47
0.59 0.52 0.57
0.47 0.38 0.28
0.42 0.33 0.39
0.64 0.58 0.54
0.00 0.00 0.06
0.42 0.46 0.52
0.35 0.32 0.53
0.19 0.24 0.24
0.26 0.16 0.37
0.39 0.43 0.34
0.60 0.50 0.64
0.78 0.70 0.73
0.72 0.98 0.93
0.50 0.44 0.52
0.24 0.23 0.25
0.49 0.45 0.55
0.34 0.35 0.32
0.55 0.49 0.51
0.72 0.61 0.78
0.48 0.43 0.52
0.25 0.33 0.48
0.30 0.24 0.26
0.45 0.52 0.46
0.67 0.47 0.67
0.47 0.25 0.42
0.16 0.23 0.23
0.05 0.09 0.16
0.43 0.48 0.52
0.06 0.08 0.23
0.72 0.67 0.75
0.43 0.40 0.40
0.73 0.56 0.71
0.48 0.33 0.50
0.51 0.49 0.56
0.72 0.72 0.75
0.28 0.27 0.36
0.57 0.56 0.64
0.54 0.46 0.52
0.21 0.23 0.34
0.39 0.35 0.41
0.59 0.41 0.55
0.46 0.49 0.56
0.46 0.51 0.50
0.70 0.54 0.64
0.58 0.56 0.64
0.39 0.35 0.40
0.19 0.23 0.28
0.69 0.75 0.71
0.80 0.69 0.70
0.66 0.62 0.67
0.56 0.62 0.64
0.51 0.43 0.45
0.52 0.46 0.53
0.41 0.54 0.38
0.59 0.49 0.58
0.63 0.49 0.50
0.35 0.30 0.44
0.46 0.49 0.61
0.59 0.42 0.55
0.82 0.82 0.90
0.47 0.56 0.67
0.15 0.16 0.19
0.58 0.46 0.60
1.00 0.87 1.00
0.10 0.12 0.20
0.55 0.49 0.62
0.76 0.65 0.77
0.40 0.32 0.42
0.38 0.46 0.45
0.10 0.14 0.21
0.36 0.39 0.51
0.89 0.93 0.90
0.27 0.14 0.27
0.72 0.74 0.77
0.62 0.50 0.58
0.55 0.48 0.59
0.52 0.49 0.58
0.42 0.48 0.50
0.79 0.82 0.87
0.88 0.88 0.92
0.80 0.70 0.82
0.48 0.43 0.53
0.57 0.62 0.63
0.47 0.41 0.45
0.41 0.46 0.49
0.28 0.39 0.41
0.28 0.25 0.31
0.56 0.65 0.70
0.55 0.41 0.51
0.22 0.29 0.37
0.31 0.31 0.36
0.39 0.29 0.43
0.25 0.10 0.23
0.47 0.40 0.47
0.91 0.80 0.94
0.68 0.69 0.68
0.45 0.47 0.54
0.36 0.23 0.39
0.32 0.37 0.44
0.30 0.18 0.30
0.73 0.77 0.71
0.20 0.04 0.35
0.49 0.32 0.49
0.41 0.35 0.38
0.26 0.42 0.32
0.45 0.40 0.48
0.50 0.63 0.66
0.32 0.10 0.28
0.46 0.40 0.40
0.36 0.25 0.41
0.39 0.35 0.41
0.00 0.00 0.06
0.25 0.16 0.20
0.51 0.49 0.47
0.25 0.25 0.29
0.33 0.30 0.44
0.55 0.64 0.65
0.22 0.12 0.22
0.50 0.44 0.56
0.69 0.66 0.57
0.16 0.19 0.29
0.83 0.67 0.83
0.47 0.47 0.49
0.71 0.54 0.59
0.75 0.74 0.73
0.67 0.62 0.78
0.60 0.68 0.61
0.73 0.69 0.78
0.59 0.51 0.59
0.59 0.52 0.62
0.23 0.22 0.25
0.66 0.70 0.76
0.35 0.29 0.46
0.21 0.39 0.38
0.65 0.49 0.66
0.33 0.34 0.40
0.44 0.39 0.44
0.41 0.42 0.62
0.20 0.17 0.22
0.52 0.62 0.74
0.39 0.32 0.34
0.36 0.56 0.49
0.47 0.54 0.52
0.36 0.27 0.36
0.22 0.21 0.27
0.55 0.39 0.62
1.00 0.96 0.96
0.66 0.41 0.57
0.26 0.20 0.37
0.39 0.35 0.34
0.50 0.46 0.59
0.45 0.41 0.56
0.26 0.23 0.35
0.22 0.25 0.30
1.00 0.87 1.00
0.34 0.43 0.49
0.86 0.80 0.88
0.45 0.49 0.53
0.37 0.47 0.46
0.43 0.16 0.38
0.61 0.62 0.57
0.66 0.49 0.61
0.43 0.41 0.45
0.40 0.26 0.49
0.66 0.69 0.84
0.69 0.78 0.64
0.72 0.76 0.75
0.40 0.29 0.35
0.50 0.51 0.46
0.17 0.24 0.34
0.61 0.45 0.67
0.44 0.48 0.46
0.17 0.13 0.20
0.52 0.40 0.54
0.82 0.79 0.87
0.41 0.41 0.55
0.39 0.46 0.60
0.52 0.47 0.48
0.87 0.74 0.82
0.68 0.56 0.70
0.54 0.43 0.59
0.36 0.37 0.36
0.43 0.37 0.60
0.35 0.36 0.33
0.53 0.38 0.55
0.31 0.24 0.34
0.52 0.44 0.51
0.34 0.30 0.36
0.67 0.61 0.73
0.51 0.46 0.47
0.41 0.26 0.46
0.37 0.31 0.44
0.51 0.25 0.48
0.67 0.47 0.70
0.24 0.38 0.44
0.64 0.40 0.66
0.59 0.45 0.69
0.64 0.62 0.80
0.45 0.40 0.48
0.64 0.52 0.56
0.62 0.48 0.63
0.48 0.57 0.62
0.30 0.24 0.32
0.86 0.76 0.75
0.77 0.66 0.79
0.61 0.59 0.68
0.46 0.42 0.50
0.93 0.83 0.96
0.69 0.73 0.76
0.44 0.41 0.53
0.50 0.45 0.56
0.13 0.19 0.25
0.99 1.00 1.00
0.75 0.78 0.80
0.69 0.77 0.85
1.00 0.87 1.00
0.59 0.31 0.55
0.49 0.31 0.50
0.39 0.31 0.45
0.68 0.42 0.72
0.64 0.41 0.79
0.72 0.57 0.69
0.55 0.13 0.48
0.77 0.82 0.90
0.89 0.64 0.83
0.25 0.26 0.41
0.06 0.00 0.13
0.47 0.23 0.38
0.24 0.30 0.35
0.42 0.46 0.49
0.32 0.37 0.46
0.82 0.80 0.99
0.59 0.63 0.69
0.62 0.53 0.69
0.21 0.22 0.38
0.25 0.17 0.32
0.69 0.47 0.71
0.41 0.27 0.62
0.83 0.70 0.79
0.31 0.36 0.51
0.99 0.60 0.90
0.31 0.33 0.44
0.99 0.85 0.93
0.77 0.53 0.86
0.37 0.28 0.47
0.43 0.38 0.55
0.81 0.71 1.00
0.54 0.37 0.58
0.56 0.55 0.59
0.79 0.69 0.88
0.90 0.75 0.93
1.00 1.00 0.92
0.96 0.81 1.00
0.49 0.48 0.58
0.79 0.76 0.82
0.15 0.00 0.21
0.66 0.43 0.68
0.71 0.44 0.68
0.34 0.50 0.49
0.38 0.32 0.51
0.64 0.55 0.61
0.98 0.77 0.97
0.73 0.64 0.85
0.71 0.62 0.82
0.96 0.78 0.90
0.40 0.31 0.54
0.67 0.61 0.82
0.33 0.33 0.44
0.82 0.72 0.98
0.79 0.77 0.86
0.76 0.45 0.78
0.71 0.67 0.81
0.84 0.58 0.73
0.70 0.61 0.78
0.49 0.44 0.54
0.33 0.29 0.46
0.66 0.49 0.73
0.26 0.29 0.37
0.27 0.26 0.25
0.70 0.60 0.73
0.27 0.51 0.47
0.58 0.51 0.60
0.48 0.49 0.66
0.58 0.70 0.71
0.25 0.17 0.29
0.36 0.27 0.35
0.68 0.57 0.59
0.64 0.62 0.69
0.79 0.70 0.87
0.74 0.69 0.75
0.66 0.57 0.69
0.77 0.58 0.75
0.61 0.63 0.60
0.44 0.44 0.48
0.70 0.73 0.74
0.75 0.83 0.89
0.60 0.27 0.61
0.40 0.32 0.52
0.39 0.41 0.42
0.55 0.45 0.66
0.68 0.61 0.76
0.84 0.66 0.81
0.79 0.64 0.82
0.72 0.69 0.77
0.16 0.04 0.16
0.77 0.81 0.81
0.64 0.42 0.58
0.74 0.55 0.69
0.61 0.26 0.47
0.31 0.30 0.45
0.79 0.73 0.87
0.42 0.21 0.45
0.51 0.34 0.46
0.60 0.72 0.76
0.76 0.62 0.75
0.80 0.71 0.84
0.42 0.35 0.38
0.30 0.18 0.33
0.57 0.26 0.46
0.32 0.34 0.43
0.61 0.24 0.46
0.87 0.54 0.85
0.71 0.34 0.85
0.63 0.73 0.75
0.59 0.46 0.68
0.89 0.90 0.91
0.64 0.53 0.68
0.78 0.67 0.75
0.33 0.05 0.26
0.39 0.37 0.45
0.45 0.67 0.64
0.76 0.70 0.80
0.00 0.02 0.27
0.65 0.60 0.79
0.69 0.68 0.72
0.68 0.72 0.76
0.99 0.79 0.89
0.44 0.57 0.56
0.68 0.45 0.73
0.22 0.02 0.17
0.65 0.59 0.70
0.69 0.64 0.69
0.33 0.37 0.50
0.98 0.82 0.97
0.65 0.52 0.77
0.46 0.18 0.49
0.77 0.61 0.79
0.54 0.54 0.66
0.58 0.51 0.63
0.80 0.66 0.88
0.36 0.29 0.50
0.75 0.47 0.68
1.00 0.85 0.97
0.49 0.32 0.56
0.56 0.40 0.51
0.70 0.42 0.56
0.39 0.33 0.57
0.41 0.39 0.72
0.76 0.47 0.67
0.95 1.00 1.00
0.87 0.84 0.91
0.67 0.91 0.85
0.54 0.61 0.57
0.29 0.10 0.33
0.74 0.45 0.54
0.86 0.85 0.86
1.00 0.69 1.00
0.49 0.36 0.53
0.55 0.58 0.55
0.37 0.24 0.43
0.28 0.37 0.42
0.11 0.11 0.25
0.99 1.00 1.00
0.45 0.44 0.50
0.13 0.02 0.35
0.65 0.41 0.53
0.71 0.72 0.64
0.97 0.64 0.83
0.57 0.49 0.59
0.76 0.83 0.80
0.70 0.59 0.67
0.85 0.36 0.67
0.49 0.45 0.52
0.36 0.06 0.23
0.99 0.85 0.80
0.99 1.00 1.00
0.89 0.73 0.87
0.69 0.63 0.83
0.98 0.97 0.97
0.40 0.37 0.65
0.65 0.75 0.86
0.68 0.83 0.77
0.27 0.42 0.43
0.30 0.43 0.52
0.90 0.58 0.73
0.56 0.42 0.79
0.52 0.14 0.44
0.51 0.47 0.57
0.51 0.65 0.58
0.55 0.49 0.57
0.68 0.76 0.74
1.00 0.78 0.85
0.31 0.16 0.21
0.75 0.61 0.68
0.28 0.20 0.27
0.53 0.61 0.58
0.51 0.33 0.38
0.68 0.69 0.57
0.00 0.00 0.00
0.00 0.00 0.00
