0.37 0.41 0.39 0.31 0.36
0.62 0.63 0.57 0.56 0.44
0.43 0.53 0.46 0.53 0.72
0.63 0.79 0.58 0.59 0.76
0.42 0.42 0.43 0.38 0.52
0.76 0.70 0.64 0.66 0.71
0.71 0.61 0.60 0.54 0.61
0.89 1.00 0.89 0.96 0.97
0.30 0.50 0.46 0.48 0.50
0.56 0.71 0.57 0.57 0.71
0.34 0.37 0.44 0.39 0.45
0.41 0.55 0.40 0.54 0.43
0.59 0.72 0.57 0.62 0.68
0.64 0.66 0.65 0.55 0.69
0.61 0.70 0.42 0.33 0.73
0.73 0.70 0.73 0.72 0.71
0.73 0.72 0.52 0.53 0.57
0.74 0.79 0.72 0.65 0.90
0.23 0.21 0.24 0.18 0.26
0.80 0.84 0.66 0.65 0.76
0.80 0.74 0.62 0.53 0.77
0.34 0.33 0.28 0.30 0.24
0.22 0.38 0.23 0.25 0.41
0.43 0.44 0.44 0.40 0.39
0.68 0.77 0.59 0.58 0.85
0.39 0.53 0.50 0.55 0.53
0.31 0.48 0.35 0.34 0.37
0.66 0.62 0.51 0.45 0.60
0.52 0.59 0.47 0.56 0.68
0.50 0.55 0.49 0.55 0.49
0.57 0.49 0.59 0.61 0.65
0.42 0.41 0.35 0.38 0.42
0.53 0.58 0.43 0.43 0.36
0.73 0.78 0.69 0.69 0.87
0.43 0.48 0.53 0.54 0.36
0.88 0.87 1.00 1.00 0.83
0.25 0.32 0.36 0.42 0.39
0.58 0.60 0.64 0.73 0.63
0.63 0.63 0.55 0.67 0.56
0.57 0.56 0.40 0.41 0.41
0.53 0.65 0.53 0.49 0.74
0.44 0.52 0.40 0.47 0.62
1.00 1.00 1.00 1.00 1.00
0.32 0.30 0.17 0.24 0.32
0.70 0.77 0.81 0.86 0.67
0.29 0.37 0.31 0.45 0.59
0.59 0.55 0.46 0.36 0.57
0.35 0.48 0.38 0.46 0.51
0.44 0.49 0.46 0.46 0.36
0.46 0.54 0.43 0.37 0.72
0.71 0.65 0.58 0.53 0.61
0.73 0.74 0.82 0.75 0.85
0.13 0.18 0.19 0.07 0.18
0.64 0.58 0.63 0.56 0.69
0.26 0.37 0.16 0.23 0.37
0.48 0.47 0.62 0.65 0.71
0.36 0.50 0.47 0.69 0.63
0.27 0.29 0.37 0.31 0.25
0.42 0.38 0.50 0.47 0.31
0.69 0.87 0.75 0.75 0.96
0.86 0.81 0.71 0.75 0.78
0.63 0.76 0.62 0.59 0.70
0.71 0.68 0.66 0.64 0.58
0.23 0.23 0.41 0.41 0.62
0.64 0.80 0.82 0.96 0.79
0.38 0.51 0.36 0.46 0.63
0.84 0.89 0.83 1.00 0.68
0.00 0.04 0.16 0.12 0.00
0.67 0.59 0.51 0.48 0.54
0.32 0.37 0.27 0.22 0.34
0.60 0.65 0.59 0.52 0.70
0.98 0.90 0.92 0.94 0.83
0.57 0.54 0.53 0.42 0.63
0.22 0.23 0.29 0.23 0.21
0.65 0.67 0.67 0.69 0.76
0.37 0.38 0.67 0.70 0.72
0.44 0.50 0.48 0.61 0.35
0.48 0.49 0.49 0.56 0.42
0.75 0.88 0.79 0.87 0.95
0.56 0.67 0.62 0.62 0.74
0.00 0.00 0.00 0.00 0.00
0.42 0.30 0.00 0.00 0.20
0.00 0.04 0.15 0.26 0.00
1.00 1.00 1.00 1.00 1.00
0.00 0.00 0.02 0.00 0.35
1.00 0.89 0.79 0.65 0.93
1.00 0.90 0.89 1.00 0.62
0.61 0.69 0.45 0.69 0.91
0.56 0.59 0.52 0.68 0.54
0.25 0.58 0.31 0.29 0.50
0.53 0.66 0.18 0.24 0.22
0.71 0.55 1.00 0.95 0.61
0.43 0.58 0.21 0.00 0.34
0.57 0.70 0.79 1.00 0.73
0.06 0.30 0.10 0.26 0.54
0.10 0.08 0.28 0.00 0.31
0.39 0.08 0.45 0.30 0.34
0.00 0.00 0.00 0.00 0.00
0.52 0.79 0.55 0.00 0.67
0.11 0.00 0.55 0.00 0.00
