0.63 0.65
0.16 0.25
0.18 0.15
0.51 0.36
0.22 0.29
0.41 0.27
0.28 0.28
0.51 0.51
0.30 0.30
0.30 0.28
0.45 0.33
0.58 0.47
0.17 0.11
0.33 0.44
0.55 0.57
0.04 0.08
0.25 0.25
0.43 0.38
0.63 0.60
0.39 0.34
0.70 0.57
0.33 0.26
0.65 0.63
0.53 0.52
0.36 0.36
0.22 0.27
0.58 0.58
0.56 0.66
0.41 0.30
0.75 0.74
0.30 0.26
0.14 0.14
0.48 0.45
0.35 0.52
0.39 0.39
0.26 0.29
0.38 0.35
0.54 0.44
0.48 0.51
0.41 0.50
0.43 0.38
0.39 0.28
0.00 0.00
0.44 0.50
0.65 0.62
0.25 0.33
0.44 0.40
0.10 0.27
0.44 0.48
0.30 0.41
0.37 0.31
0.32 0.36
0.63 0.73
0.51 0.49
0.36 0.29
0.73 0.78
0.36 0.48
0.36 0.39
0.21 0.27
0.51 0.46
0.28 0.32
0.54 0.49
0.46 0.52
0.39 0.43
0.45 0.38
1.00 1.00
0.46 0.52
0.69 0.53
0.00 0.13
0.17 0.22
0.23 0.20
0.37 0.45
1.00 0.93
0.43 0.31
0.37 0.40
0.58 0.48
0.68 0.49
0.47 0.48
0.13 0.27
0.00 0.00
0.50 0.46
0.02 0.00
0.58 0.57
0.41 0.45
0.94 0.62
0.70 0.60
0.27 0.10
0.16 0.19
0.71 0.52
0.48 0.49
0.45 0.46
0.93 1.00
0.43 0.45
1.00 0.82
0.07 0.00
0.84 0.69
0.90 0.74
0.11 0.00
0.00 0.00
0.00 0.00
