0.63 0.62 0.62 0.51 0.64
0.50 0.53 0.48 0.40 0.55
0.40 0.50 0.34 0.42 0.48
0.63 0.54 0.55 0.49 0.50
0.48 0.56 0.49 0.43 0.57
0.44 0.54 0.43 0.44 0.59
0.38 0.44 0.38 0.39 0.45
0.40 0.48 0.42 0.39 0.48
0.45 0.51 0.44 0.56 0.44
0.33 0.40 0.30 0.22 0.35
0.57 0.67 0.57 0.59 0.68
0.49 0.48 0.51 0.50 0.56
0.45 0.45 0.46 0.45 0.46
0.62 0.64 0.62 0.60 0.71
0.56 0.48 0.62 0.49 0.58
0.52 0.50 0.44 0.54 0.45
0.65 0.65 0.62 0.67 0.65
0.09 0.10 0.18 0.15 0.14
0.61 0.66 0.64 0.65 0.68
0.55 0.50 0.57 0.59 0.53
0.53 0.65 0.56 0.47 0.71
0.89 0.95 0.89 0.92 0.95
0.64 0.70 0.60 0.63 0.62
0.73 0.61 0.65 0.69 0.58
0.66 0.62 0.69 0.59 0.69
0.40 0.34 0.42 0.28 0.36
0.35 0.24 0.29 0.36 0.27
0.49 0.54 0.42 0.54 0.52
0.56 0.63 0.55 0.63 0.59
0.69 0.64 0.65 0.63 0.64
0.66 0.64 0.58 0.63 0.59
0.47 0.49 0.47 0.51 0.53
0.29 0.36 0.33 0.24 0.37
0.40 0.44 0.44 0.50 0.42
0.43 0.45 0.44 0.54 0.41
0.51 0.56 0.56 0.54 0.67
0.63 0.56 0.68 0.58 0.62
0.46 0.35 0.36 0.41 0.42
0.56 0.60 0.61 0.48 0.66
0.31 0.34 0.31 0.39 0.39
0.70 0.72 0.73 0.64 0.75
0.55 0.50 0.52 0.63 0.53
0.40 0.44 0.38 0.43 0.35
0.48 0.57 0.43 0.49 0.53
0.73 0.77 0.72 0.90 0.74
0.63 0.73 0.66 0.62 0.70
0.47 0.47 0.47 0.50 0.49
0.56 0.56 0.56 0.54 0.54
0.41 0.39 0.46 0.34 0.47
0.51 0.56 0.51 0.51 0.52
0.52 0.46 0.50 0.51 0.44
0.68 0.71 0.66 0.74 0.72
0.29 0.35 0.38 0.28 0.41
0.70 0.68 0.75 0.78 0.70
0.72 0.73 0.66 0.78 0.66
0.65 0.71 0.61 0.73 0.64
0.41 0.46 0.40 0.49 0.47
0.38 0.37 0.44 0.37 0.38
0.46 0.50 0.48 0.43 0.49
0.42 0.37 0.40 0.38 0.40
0.59 0.64 0.63 0.66 0.66
0.63 0.63 0.60 0.72 0.61
0.60 0.56 0.63 0.53 0.61
0.36 0.44 0.42 0.29 0.42
0.45 0.53 0.50 0.49 0.54
0.48 0.50 0.51 0.42 0.60
0.30 0.16 0.41 0.36 0.25
0.56 0.45 0.52 0.32 0.45
0.82 0.86 0.74 0.92 0.83
0.32 0.18 0.31 0.28 0.24
0.60 0.64 0.60 0.53 0.70
0.67 0.73 0.70 0.68 0.71
0.57 0.55 0.56 0.49 0.56
0.67 0.70 0.68 0.64 0.70
0.63 0.68 0.64 0.61 0.70
0.25 0.35 0.25 0.26 0.38
0.40 0.34 0.42 0.44 0.39
0.66 0.59 0.60 0.56 0.54
0.42 0.52 0.44 0.42 0.57
0.66 0.74 0.59 0.70 0.70
0.48 0.47 0.46 0.42 0.43
0.50 0.50 0.51 0.47 0.45
0.41 0.46 0.42 0.43 0.40
0.39 0.41 0.43 0.32 0.41
0.47 0.56 0.48 0.49 0.52
0.66 0.64 0.61 0.58 0.63
0.40 0.38 0.38 0.43 0.38
0.64 0.59 0.68 0.61 0.69
0.50 0.51 0.41 0.40 0.42
0.44 0.56 0.34 0.43 0.51
0.29 0.23 0.32 0.21 0.22
0.41 0.43 0.45 0.43 0.46
0.42 0.40 0.49 0.40 0.48
0.58 0.54 0.48 0.54 0.53
0.45 0.37 0.42 0.30 0.42
0.64 0.62 0.61 0.67 0.60
0.42 0.41 0.40 0.37 0.40
0.45 0.53 0.47 0.56 0.56
0.33 0.35 0.32 0.19 0.32
0.31 0.35 0.39 0.31 0.48
0.34 0.46 0.38 0.40 0.42
0.41 0.36 0.42 0.41 0.40
0.58 0.67 0.57 0.44 0.65
0.36 0.36 0.44 0.42 0.42
0.34 0.40 0.36 0.32 0.44
0.40 0.40 0.32 0.36 0.42
0.19 0.31 0.17 0.29 0.24
0.43 0.41 0.43 0.37 0.45
0.50 0.53 0.50 0.50 0.46
0.59 0.64 0.58 0.59 0.59
0.32 0.32 0.30 0.38 0.29
0.39 0.40 0.42 0.37 0.43
0.30 0.27 0.34 0.23 0.31
0.64 0.68 0.56 0.60 0.62
0.46 0.46 0.38 0.40 0.39
0.39 0.46 0.41 0.32 0.44
0.47 0.53 0.47 0.55 0.46
0.55 0.65 0.60 0.61 0.67
0.80 0.82 0.76 0.80 0.78
0.76 0.72 0.70 0.77 0.69
0.50 0.50 0.42 0.44 0.45
0.40 0.36 0.42 0.37 0.41
0.60 0.68 0.58 0.59 0.68
0.44 0.47 0.45 0.43 0.52
0.52 0.47 0.52 0.45 0.51
0.42 0.40 0.48 0.37 0.47
0.53 0.45 0.49 0.42 0.50
0.54 0.55 0.52 0.49 0.52
0.48 0.49 0.53 0.49 0.56
0.75 0.74 0.75 0.79 0.72
0.59 0.45 0.61 0.52 0.56
0.55 0.47 0.51 0.49 0.47
0.33 0.38 0.40 0.40 0.36
0.62 0.63 0.50 0.57 0.54
0.57 0.59 0.60 0.71 0.56
0.43 0.52 0.43 0.41 0.51
0.51 0.47 0.52 0.53 0.50
0.35 0.37 0.28 0.32 0.33
0.32 0.41 0.43 0.39 0.46
0.63 0.58 0.59 0.56 0.60
0.44 0.45 0.40 0.44 0.40
0.56 0.57 0.53 0.64 0.58
0.57 0.63 0.52 0.64 0.59
0.40 0.43 0.40 0.45 0.39
0.56 0.61 0.51 0.53 0.60
0.55 0.62 0.61 0.49 0.61
0.41 0.38 0.43 0.38 0.32
0.57 0.67 0.53 0.60 0.68
0.17 0.25 0.18 0.25 0.23
0.61 0.67 0.57 0.62 0.61
0.56 0.72 0.58 0.65 0.69
0.82 0.86 0.76 0.82 0.81
0.18 0.25 0.13 0.21 0.16
0.41 0.47 0.47 0.49 0.56
0.49 0.40 0.48 0.47 0.45
0.27 0.19 0.23 0.16 0.20
0.56 0.60 0.59 0.59 0.65
0.29 0.33 0.25 0.29 0.26
0.56 0.54 0.63 0.54 0.57
0.28 0.21 0.38 0.29 0.29
0.55 0.56 0.59 0.67 0.62
0.41 0.32 0.35 0.33 0.24
0.49 0.53 0.42 0.47 0.44
0.55 0.57 0.48 0.46 0.47
0.55 0.49 0.43 0.52 0.41
0.44 0.48 0.44 0.46 0.52
0.36 0.34 0.43 0.31 0.40
0.56 0.59 0.60 0.46 0.57
0.45 0.50 0.46 0.52 0.44
0.43 0.58 0.42 0.47 0.53
0.44 0.50 0.45 0.43 0.48
0.69 0.82 0.64 0.67 0.72
0.42 0.43 0.44 0.41 0.44
0.54 0.54 0.59 0.56 0.57
0.54 0.65 0.55 0.44 0.58
0.71 0.69 0.74 0.64 0.72
0.33 0.36 0.34 0.34 0.34
0.42 0.48 0.44 0.48 0.47
0.57 0.60 0.54 0.54 0.60
0.41 0.42 0.46 0.44 0.43
0.30 0.37 0.26 0.34 0.34
0.69 0.66 0.58 0.66 0.58
0.51 0.54 0.54 0.58 0.53
0.39 0.44 0.32 0.37 0.35
0.56 0.47 0.55 0.58 0.54
0.57 0.57 0.60 0.44 0.64
0.50 0.42 0.44 0.57 0.41
0.53 0.44 0.40 0.47 0.32
0.61 0.50 0.49 0.54 0.46
0.43 0.54 0.47 0.43 0.59
0.65 0.57 0.75 0.63 0.56
0.49 0.50 0.56 0.49 0.49
0.41 0.41 0.42 0.43 0.47
0.37 0.46 0.39 0.43 0.46
0.50 0.47 0.54 0.45 0.49
0.33 0.35 0.29 0.22 0.29
0.28 0.28 0.29 0.14 0.27
0.52 0.68 0.52 0.59 0.66
0.61 0.61 0.58 0.61 0.58
0.67 0.80 0.68 0.70 0.75
0.38 0.37 0.36 0.34 0.33
0.35 0.32 0.41 0.23 0.42
0.47 0.44 0.43 0.57 0.37
0.45 0.43 0.43 0.37 0.44
0.60 0.61 0.48 0.61 0.53
0.49 0.48 0.48 0.36 0.51
0.60 0.58 0.66 0.64 0.57
0.60 0.53 0.61 0.57 0.56
0.33 0.31 0.30 0.32 0.28
0.45 0.46 0.50 0.56 0.48
0.50 0.32 0.53 0.56 0.36
0.57 0.61 0.54 0.41 0.66
0.16 0.23 0.22 0.21 0.22
0.62 0.79 0.68 0.62 0.81
0.65 0.73 0.61 0.66 0.71
0.13 0.14 0.13 0.10 0.11
0.40 0.38 0.37 0.39 0.30
0.44 0.45 0.38 0.48 0.40
0.46 0.43 0.46 0.47 0.42
0.37 0.40 0.42 0.55 0.40
0.65 0.56 0.65 0.57 0.60
0.39 0.37 0.38 0.30 0.41
0.34 0.35 0.43 0.29 0.43
0.62 0.74 0.67 0.74 0.75
0.42 0.45 0.44 0.49 0.41
0.36 0.34 0.35 0.43 0.31
0.61 0.70 0.63 0.62 0.75
0.32 0.30 0.31 0.39 0.31
0.48 0.52 0.45 0.39 0.43
0.70 0.70 0.71 0.69 0.74
0.29 0.27 0.37 0.27 0.32
0.52 0.54 0.50 0.49 0.52
0.85 0.83 0.84 0.88 0.78
0.30 0.33 0.39 0.40 0.32
0.41 0.46 0.43 0.37 0.47
0.50 0.54 0.56 0.60 0.57
0.55 0.54 0.51 0.53 0.55
0.56 0.68 0.55 0.46 0.60
0.51 0.44 0.53 0.44 0.46
0.34 0.38 0.33 0.31 0.41
0.57 0.48 0.53 0.48 0.47
0.62 0.60 0.64 0.66 0.65
0.34 0.24 0.35 0.40 0.20
0.64 0.61 0.59 0.63 0.63
0.77 0.83 0.76 0.77 0.88
0.50 0.33 0.55 0.53 0.43
0.44 0.39 0.34 0.38 0.34
0.36 0.36 0.40 0.47 0.39
0.59 0.54 0.63 0.65 0.57
0.52 0.47 0.49 0.41 0.45
0.42 0.40 0.37 0.25 0.44
0.58 0.68 0.56 0.70 0.68
0.48 0.46 0.51 0.47 0.48
0.51 0.53 0.44 0.43 0.50
0.63 0.61 0.58 0.69 0.53
0.46 0.43 0.43 0.38 0.42
0.67 0.71 0.60 0.65 0.64
0.86 0.85 0.84 0.97 0.86
0.29 0.34 0.32 0.30 0.28
0.59 0.62 0.58 0.51 0.61
0.41 0.45 0.41 0.46 0.40
0.69 0.70 0.66 0.79 0.69
0.36 0.41 0.40 0.36 0.35
0.52 0.44 0.45 0.41 0.39
0.39 0.38 0.40 0.35 0.38
0.55 0.71 0.49 0.58 0.65
0.28 0.32 0.26 0.28 0.34
0.58 0.49 0.61 0.67 0.55
0.58 0.70 0.63 0.73 0.68
0.73 0.63 0.65 0.55 0.65
0.67 0.79 0.68 0.76 0.82
0.36 0.37 0.39 0.25 0.48
0.37 0.40 0.39 0.34 0.40
0.61 0.60 0.59 0.55 0.60
0.28 0.37 0.33 0.18 0.40
0.50 0.52 0.53 0.38 0.55
0.39 0.29 0.34 0.30 0.25
0.51 0.48 0.46 0.51 0.45
0.46 0.50 0.50 0.46 0.47
0.62 0.61 0.62 0.63 0.63
0.61 0.66 0.58 0.46 0.67
0.44 0.32 0.52 0.48 0.36
0.53 0.57 0.51 0.51 0.55
0.50 0.46 0.41 0.45 0.46
0.53 0.54 0.59 0.69 0.53
0.70 0.68 0.69 0.65 0.66
0.34 0.36 0.28 0.35 0.29
0.39 0.45 0.38 0.26 0.45
0.53 0.62 0.54 0.50 0.69
0.39 0.41 0.40 0.32 0.47
0.03 0.07 0.07 0.03 0.09
0.53 0.53 0.57 0.64 0.54
0.69 0.79 0.68 0.77 0.76
0.61 0.58 0.48 0.50 0.51
0.60 0.71 0.57 0.59 0.59
0.45 0.45 0.44 0.43 0.46
0.55 0.65 0.56 0.58 0.61
0.51 0.51 0.46 0.38 0.44
0.53 0.54 0.53 0.50 0.51
0.55 0.48 0.49 0.55 0.44
0.41 0.51 0.44 0.32 0.51
0.65 0.57 0.56 0.59 0.57
0.68 0.74 0.67 0.65 0.69
0.58 0.70 0.51 0.57 0.67
0.29 0.34 0.35 0.27 0.36
0.52 0.59 0.49 0.49 0.50
0.65 0.64 0.62 0.62 0.60
0.52 0.55 0.52 0.55 0.52
0.58 0.65 0.66 0.64 0.70
0.62 0.63 0.63 0.70 0.65
0.64 0.65 0.70 0.63 0.65
0.51 0.41 0.53 0.56 0.47
0.57 0.61 0.62 0.57 0.70
0.48 0.52 0.43 0.42 0.56
0.56 0.59 0.52 0.56 0.55
0.67 0.61 0.59 0.56 0.56
0.65 0.69 0.65 0.61 0.67
0.37 0.37 0.37 0.34 0.41
0.54 0.48 0.54 0.60 0.49
0.35 0.30 0.36 0.34 0.32
0.37 0.40 0.38 0.35 0.38
0.60 0.65 0.56 0.62 0.53
0.35 0.31 0.32 0.30 0.33
0.40 0.34 0.37 0.40 0.34
0.57 0.60 0.53 0.57 0.55
0.56 0.51 0.56 0.54 0.55
0.40 0.49 0.42 0.43 0.50
0.49 0.56 0.46 0.44 0.54
0.67 0.64 0.63 0.60 0.62
0.30 0.36 0.40 0.25 0.39
0.38 0.35 0.35 0.32 0.39
0.46 0.36 0.44 0.40 0.40
0.47 0.49 0.44 0.41 0.54
0.62 0.64 0.54 0.59 0.58
0.59 0.64 0.61 0.66 0.61
0.69 0.70 0.64 0.63 0.63
0.44 0.50 0.44 0.47 0.45
0.21 0.15 0.19 0.16 0.19
0.42 0.51 0.50 0.42 0.53
0.59 0.67 0.55 0.58 0.69
0.44 0.43 0.36 0.38 0.35
0.47 0.44 0.54 0.50 0.46
0.54 0.51 0.63 0.53 0.54
0.77 0.88 0.70 0.82 0.88
0.37 0.33 0.34 0.51 0.28
0.58 0.63 0.59 0.61 0.63
0.47 0.37 0.42 0.41 0.39
0.68 0.76 0.56 0.55 0.65
0.73 0.73 0.67 0.81 0.66
0.47 0.48 0.44 0.42 0.50
0.43 0.46 0.56 0.46 0.59
0.62 0.74 0.55 0.52 0.67
0.45 0.41 0.45 0.43 0.41
0.55 0.60 0.64 0.62 0.64
0.60 0.54 0.60 0.58 0.56
0.60 0.65 0.62 0.67 0.63
0.61 0.66 0.59 0.51 0.68
0.71 0.86 0.65 0.78 0.77
0.55 0.49 0.60 0.55 0.52
0.31 0.20 0.31 0.25 0.24
0.58 0.63 0.58 0.63 0.64
0.53 0.51 0.51 0.54 0.52
0.64 0.63 0.66 0.65 0.59
0.64 0.63 0.56 0.54 0.63
0.39 0.48 0.34 0.45 0.43
0.46 0.57 0.54 0.52 0.66
0.56 0.59 0.57 0.49 0.62
0.63 0.65 0.62 0.67 0.69
0.56 0.51 0.57 0.61 0.54
0.59 0.63 0.58 0.64 0.59
0.39 0.42 0.40 0.31 0.38
0.33 0.33 0.39 0.32 0.35
0.33 0.42 0.32 0.35 0.39
0.45 0.45 0.46 0.43 0.39
0.57 0.57 0.58 0.57 0.55
0.44 0.43 0.51 0.46 0.48
0.38 0.34 0.40 0.44 0.31
0.46 0.46 0.43 0.38 0.45
0.57 0.55 0.62 0.53 0.63
0.47 0.56 0.48 0.47 0.57
0.51 0.60 0.52 0.54 0.62
0.44 0.55 0.49 0.39 0.61
0.60 0.58 0.55 0.64 0.54
0.60 0.50 0.56 0.49 0.52
0.74 0.76 0.72 0.76 0.75
0.37 0.24 0.35 0.24 0.20
0.69 0.76 0.65 0.71 0.72
0.80 0.77 0.64 0.68 0.60
0.69 0.65 0.63 0.69 0.60
0.39 0.36 0.45 0.42 0.43
0.46 0.48 0.47 0.46 0.48
0.59 0.70 0.51 0.68 0.61
0.71 0.78 0.69 0.65 0.79
0.54 0.65 0.50 0.53 0.68
0.47 0.55 0.44 0.52 0.52
0.49 0.55 0.48 0.55 0.54
0.29 0.25 0.36 0.25 0.34
0.26 0.29 0.28 0.29 0.32
0.80 0.83 0.76 0.75 0.76
0.38 0.44 0.40 0.43 0.44
0.62 0.71 0.61 0.64 0.65
0.45 0.50 0.42 0.35 0.53
0.81 0.77 0.78 0.87 0.73
0.46 0.45 0.51 0.56 0.48
0.46 0.40 0.44 0.37 0.40
0.60 0.62 0.59 0.45 0.64
0.49 0.54 0.53 0.63 0.48
0.54 0.67 0.59 0.57 0.68
0.42 0.49 0.45 0.44 0.56
0.46 0.58 0.47 0.46 0.57
0.47 0.39 0.43 0.37 0.44
0.41 0.46 0.47 0.48 0.52
0.58 0.70 0.65 0.56 0.77
0.58 0.68 0.56 0.63 0.67
0.61 0.60 0.69 0.63 0.64
0.78 0.83 0.73 0.75 0.87
0.68 0.71 0.60 0.58 0.66
0.59 0.64 0.61 0.57 0.71
0.53 0.51 0.57 0.43 0.56
0.92 0.95 0.93 0.96 0.96
0.56 0.69 0.54 0.56 0.64
0.67 0.66 0.64 0.67 0.62
0.41 0.43 0.48 0.41 0.48
0.78 0.74 0.82 0.71 0.76
0.46 0.51 0.43 0.40 0.49
0.50 0.39 0.37 0.46 0.32
0.41 0.32 0.46 0.28 0.36
0.39 0.50 0.42 0.39 0.53
0.59 0.52 0.55 0.50 0.47
0.50 0.53 0.53 0.49 0.56
0.53 0.55 0.55 0.48 0.60
0.61 0.75 0.59 0.58 0.76
0.30 0.44 0.30 0.23 0.40
0.59 0.55 0.56 0.66 0.53
0.45 0.41 0.42 0.37 0.39
0.52 0.54 0.56 0.49 0.56
0.47 0.49 0.52 0.55 0.48
0.63 0.52 0.71 0.70 0.61
0.58 0.52 0.48 0.46 0.49
0.67 0.68 0.63 0.56 0.64
0.44 0.54 0.36 0.42 0.54
0.47 0.54 0.49 0.52 0.54
0.29 0.29 0.26 0.31 0.31
0.71 0.75 0.72 0.73 0.72
0.86 0.83 0.80 0.87 0.80
0.28 0.22 0.19 0.25 0.14
0.44 0.52 0.52 0.51 0.52
0.44 0.49 0.44 0.45 0.49
0.54 0.61 0.52 0.51 0.57
0.57 0.51 0.54 0.49 0.55
0.52 0.56 0.46 0.51 0.56
0.50 0.54 0.53 0.50 0.56
0.32 0.36 0.33 0.30 0.41
0.56 0.50 0.56 0.55 0.51
0.41 0.33 0.40 0.40 0.38
0.50 0.56 0.43 0.52 0.47
0.29 0.28 0.31 0.17 0.34
0.17 0.17 0.25 0.15 0.25
0.44 0.43 0.48 0.38 0.50
0.55 0.67 0.51 0.46 0.64
0.35 0.28 0.30 0.34 0.21
0.49 0.60 0.53 0.40 0.66
0.60 0.67 0.61 0.68 0.61
0.36 0.34 0.38 0.37 0.38
0.61 0.61 0.58 0.67 0.55
0.58 0.65 0.70 0.59 0.73
0.87 0.90 0.86 0.82 0.90
0.71 0.69 0.66 0.80 0.67
0.71 0.75 0.66 0.63 0.73
0.65 0.74 0.66 0.73 0.73
0.58 0.59 0.63 0.64 0.59
0.41 0.46 0.38 0.42 0.39
0.51 0.48 0.52 0.43 0.53
0.63 0.67 0.65 0.65 0.71
0.32 0.28 0.28 0.29 0.28
0.36 0.37 0.34 0.35 0.38
0.69 0.83 0.60 0.66 0.75
0.58 0.51 0.55 0.50 0.48
0.49 0.62 0.45 0.51 0.60
0.29 0.21 0.27 0.30 0.29
0.37 0.39 0.41 0.39 0.36
0.56 0.58 0.60 0.63 0.62
0.62 0.67 0.68 0.68 0.67
0.41 0.38 0.34 0.47 0.27
0.63 0.70 0.62 0.63 0.69
0.27 0.35 0.19 0.30 0.31
0.53 0.51 0.51 0.52 0.51
0.40 0.40 0.38 0.38 0.41
0.51 0.44 0.56 0.48 0.50
0.16 0.18 0.22 0.11 0.24
0.45 0.43 0.48 0.44 0.50
0.85 0.85 0.83 0.87 0.87
0.55 0.53 0.55 0.58 0.52
0.45 0.32 0.47 0.43 0.36
0.46 0.51 0.48 0.42 0.60
0.33 0.31 0.31 0.31 0.27
0.56 0.55 0.56 0.53 0.58
0.58 0.61 0.53 0.55 0.59
0.33 0.40 0.37 0.22 0.47
0.68 0.61 0.63 0.57 0.65
0.25 0.33 0.29 0.26 0.33
0.56 0.53 0.62 0.57 0.58
0.36 0.37 0.35 0.39 0.39
0.45 0.49 0.49 0.46 0.52
0.58 0.57 0.59 0.51 0.58
0.43 0.40 0.47 0.41 0.46
0.65 0.58 0.60 0.58 0.58
0.58 0.64 0.58 0.70 0.63
0.73 0.86 0.72 0.71 0.90
0.51 0.53 0.52 0.55 0.58
0.70 0.75 0.69 0.72 0.64
0.72 0.69 0.67 0.73 0.64
0.35 0.32 0.30 0.26 0.33
0.47 0.50 0.48 0.51 0.51
0.34 0.26 0.40 0.24 0.32
0.56 0.59 0.62 0.62 0.62
0.39 0.42 0.40 0.33 0.44
0.36 0.26 0.26 0.26 0.25
0.55 0.56 0.54 0.58 0.61
0.49 0.58 0.52 0.53 0.67
0.50 0.51 0.44 0.48 0.49
0.59 0.59 0.55 0.54 0.56
0.58 0.60 0.59 0.60 0.66
0.84 0.77 0.84 0.77 0.78
0.60 0.61 0.58 0.55 0.56
0.23 0.25 0.27 0.09 0.27
0.56 0.64 0.56 0.49 0.61
0.55 0.50 0.58 0.49 0.60
0.32 0.44 0.36 0.34 0.44
0.42 0.36 0.43 0.43 0.41
0.66 0.71 0.71 0.76 0.73
0.33 0.28 0.32 0.23 0.26
0.62 0.61 0.60 0.59 0.55
0.61 0.62 0.49 0.59 0.55
0.42 0.45 0.41 0.42 0.46
0.58 0.67 0.54 0.58 0.65
0.51 0.52 0.46 0.45 0.54
0.42 0.43 0.40 0.40 0.41
0.51 0.57 0.48 0.44 0.59
0.60 0.61 0.58 0.55 0.55
0.68 0.70 0.61 0.73 0.60
0.68 0.75 0.72 0.54 0.80
0.54 0.55 0.54 0.49 0.54
0.77 0.83 0.68 0.74 0.83
0.67 0.67 0.62 0.72 0.65
0.97 0.98 0.88 1.00 0.98
0.69 0.67 0.73 0.79 0.72
0.73 0.75 0.68 0.72 0.66
0.60 0.69 0.70 0.51 0.80
0.47 0.56 0.53 0.57 0.56
0.36 0.27 0.32 0.28 0.24
0.59 0.70 0.60 0.54 0.70
0.50 0.43 0.49 0.41 0.41
0.56 0.58 0.55 0.44 0.65
0.43 0.43 0.42 0.40 0.44
0.42 0.54 0.45 0.46 0.48
0.55 0.49 0.52 0.54 0.50
0.49 0.36 0.48 0.42 0.38
0.56 0.48 0.48 0.54 0.41
0.46 0.25 0.46 0.36 0.26
0.58 0.68 0.62 0.58 0.61
0.36 0.31 0.31 0.34 0.29
0.73 0.71 0.64 0.80 0.67
0.53 0.63 0.50 0.54 0.58
0.46 0.47 0.40 0.47 0.41
0.39 0.42 0.39 0.37 0.45
0.41 0.46 0.44 0.46 0.46
0.45 0.48 0.39 0.49 0.44
0.73 0.71 0.68 0.71 0.68
0.71 0.78 0.70 0.63 0.75
0.52 0.50 0.49 0.34 0.46
0.54 0.60 0.57 0.58 0.61
0.66 0.72 0.68 0.65 0.67
0.49 0.45 0.47 0.41 0.50
0.48 0.51 0.44 0.46 0.43
0.24 0.25 0.40 0.29 0.31
0.49 0.51 0.51 0.49 0.51
0.48 0.55 0.49 0.42 0.59
0.62 0.64 0.65 0.59 0.63
0.54 0.60 0.63 0.60 0.59
0.35 0.37 0.30 0.22 0.34
0.81 0.84 0.78 0.87 0.82
0.47 0.48 0.50 0.46 0.48
0.57 0.58 0.60 0.50 0.65
0.28 0.37 0.36 0.35 0.42
0.25 0.32 0.31 0.27 0.34
0.48 0.46 0.50 0.46 0.46
0.29 0.30 0.27 0.14 0.35
0.43 0.40 0.33 0.47 0.41
0.28 0.28 0.36 0.26 0.35
0.45 0.43 0.33 0.44 0.37
0.41 0.42 0.47 0.31 0.44
0.55 0.61 0.51 0.55 0.56
0.42 0.42 0.38 0.39 0.46
0.53 0.54 0.56 0.59 0.58
0.64 0.65 0.74 0.69 0.75
0.49 0.60 0.42 0.53 0.51
0.32 0.22 0.35 0.30 0.26
0.83 0.79 0.78 0.77 0.82
0.43 0.38 0.40 0.44 0.36
0.38 0.31 0.30 0.38 0.21
0.56 0.48 0.51 0.50 0.49
0.48 0.40 0.51 0.41 0.43
0.55 0.48 0.56 0.41 0.56
0.30 0.37 0.23 0.16 0.35
0.67 0.71 0.66 0.68 0.66
0.56 0.58 0.43 0.55 0.50
0.14 0.07 0.22 0.08 0.18
0.29 0.26 0.38 0.25 0.33
0.56 0.54 0.54 0.61 0.59
1.00 1.00 1.00 1.00 1.00
0.53 0.43 0.53 0.53 0.44
0.59 0.54 0.60 0.50 0.55
0.91 0.79 0.84 0.74 0.81
0.47 0.43 0.45 0.43 0.45
0.48 0.49 0.50 0.40 0.49
0.58 0.58 0.57 0.60 0.55
0.54 0.59 0.53 0.44 0.59
0.00 0.00 0.00 0.00 0.00
0.60 0.53 0.44 0.55 0.48
0.35 0.47 0.33 0.31 0.46
0.68 0.61 0.60 0.75 0.57
0.63 0.57 0.63 0.60 0.67
0.61 0.58 0.56 0.56 0.56
0.40 0.40 0.34 0.50 0.34
0.47 0.42 0.43 0.43 0.48
0.55 0.53 0.51 0.62 0.53
0.58 0.56 0.54 0.55 0.53
0.45 0.35 0.26 0.45 0.27
0.56 0.59 0.48 0.53 0.52
0.71 0.61 0.70 0.85 0.57
0.13 0.22 0.07 0.26 0.17
0.26 0.21 0.22 0.24 0.20
0.57 0.59 0.61 0.71 0.63
0.43 0.45 0.34 0.52 0.38
0.60 0.52 0.54 0.59 0.54
0.62 0.64 0.54 0.68 0.70
0.69 0.68 0.63 0.54 0.75
0.58 0.46 0.52 0.55 0.49
0.45 0.46 0.41 0.44 0.51
0.35 0.34 0.43 0.37 0.40
0.46 0.47 0.45 0.41 0.51
0.95 0.79 0.98 1.00 0.85
0.55 0.67 0.41 0.62 0.56
0.72 0.54 0.61 0.62 0.63
0.71 0.71 0.67 0.76 0.66
0.57 0.63 0.59 0.47 0.68
0.69 0.61 0.61 0.58 0.56
0.57 0.46 0.46 0.59 0.42
0.62 0.50 0.56 0.69 0.53
0.48 0.45 0.29 0.44 0.38
0.49 0.39 0.49 0.44 0.46
0.73 0.57 0.65 0.68 0.61
0.30 0.36 0.30 0.46 0.38
0.43 0.47 0.32 0.44 0.42
0.61 0.71 0.48 0.72 0.65
0.71 0.67 0.63 0.62 0.66
0.51 0.58 0.49 0.53 0.61
0.62 0.59 0.67 0.61 0.58
0.73 0.61 0.60 0.70 0.58
0.67 0.64 0.57 0.78 0.66
0.63 0.49 0.53 0.56 0.56
0.10 0.07 0.00 0.05 0.08
0.61 0.49 0.51 0.61 0.47
0.34 0.32 0.29 0.39 0.33
0.47 0.56 0.55 0.59 0.57
0.56 0.59 0.57 0.77 0.58
0.67 0.58 0.57 0.68 0.60
0.60 0.61 0.48 0.67 0.49
0.35 0.37 0.19 0.32 0.35
0.30 0.33 0.20 0.43 0.30
0.41 0.45 0.32 0.44 0.39
0.49 0.45 0.47 0.49 0.47
0.59 0.59 0.46 0.67 0.50
0.59 0.67 0.40 0.55 0.55
0.32 0.34 0.28 0.19 0.48
0.59 0.50 0.56 0.61 0.48
0.48 0.54 0.36 0.52 0.53
0.28 0.30 0.25 0.34 0.27
0.50 0.39 0.39 0.58 0.30
0.71 0.65 0.56 0.78 0.54
0.33 0.33 0.32 0.36 0.35
0.50 0.44 0.47 0.42 0.55
0.42 0.41 0.37 0.28 0.42
0.68 0.57 0.68 0.65 0.53
0.32 0.21 0.25 0.32 0.23
0.60 0.48 0.51 0.53 0.54
0.78 0.72 0.53 0.72 0.59
0.52 0.50 0.38 0.55 0.44
0.38 0.43 0.37 0.44 0.49
0.28 0.31 0.15 0.24 0.25
0.36 0.36 0.30 0.30 0.35
0.66 0.61 0.58 0.64 0.65
0.81 0.79 0.71 0.95 0.69
0.48 0.46 0.59 0.34 0.57
0.85 0.81 0.87 0.78 0.84
0.16 0.10 0.11 0.17 0.15
0.74 0.67 0.75 0.85 0.71
0.60 0.53 0.46 0.39 0.46
0.70 0.56 0.64 0.62 0.56
0.43 0.31 0.33 0.42 0.34
0.56 0.49 0.46 0.50 0.51
0.92 0.74 0.78 0.88 0.73
0.20 0.28 0.28 0.28 0.28
0.46 0.36 0.42 0.46 0.45
0.51 0.41 0.38 0.44 0.39
0.56 0.56 0.52 0.57 0.61
0.64 0.66 0.64 0.67 0.62
0.57 0.57 0.58 0.57 0.59
0.41 0.37 0.37 0.41 0.38
0.54 0.46 0.36 0.63 0.43
0.81 0.64 0.81 0.84 0.68
0.63 0.52 0.60 0.61 0.53
0.35 0.43 0.21 0.44 0.36
0.41 0.33 0.22 0.38 0.24
0.90 0.80 0.81 0.93 0.78
0.46 0.49 0.32 0.53 0.36
0.05 0.23 0.06 0.17 0.21
0.61 0.58 0.55 0.56 0.54
0.57 0.47 0.54 0.63 0.48
0.64 0.62 0.63 0.64 0.61
0.51 0.44 0.38 0.54 0.41
0.34 0.36 0.35 0.32 0.38
0.53 0.50 0.53 0.48 0.46
0.24 0.23 0.15 0.24 0.28
0.61 0.50 0.59 0.77 0.50
0.26 0.09 0.19 0.31 0.13
0.48 0.50 0.41 0.65 0.43
0.80 0.71 0.70 0.66 0.66
0.79 0.64 0.74 0.63 0.62
0.40 0.41 0.33 0.45 0.35
0.64 0.68 0.62 0.75 0.64
0.60 0.60 0.56 0.65 0.58
0.53 0.36 0.43 0.50 0.27
0.37 0.29 0.33 0.49 0.32
0.81 0.79 0.79 0.71 0.77
0.20 0.30 0.20 0.37 0.26
0.50 0.47 0.46 0.41 0.43
0.55 0.49 0.42 0.58 0.41
0.51 0.52 0.36 0.43 0.46
0.32 0.26 0.32 0.36 0.22
0.52 0.64 0.53 0.53 0.64
0.40 0.32 0.36 0.33 0.33
0.86 0.73 0.70 0.83 0.64
0.36 0.51 0.33 0.52 0.46
0.53 0.37 0.37 0.40 0.41
0.67 0.62 0.67 0.63 0.58
0.69 0.64 0.57 0.71 0.61
0.56 0.50 0.51 0.58 0.38
0.47 0.45 0.36 0.39 0.50
0.50 0.45 0.42 0.48 0.51
0.75 0.73 0.68 0.71 0.70
0.36 0.45 0.31 0.45 0.40
0.61 0.51 0.61 0.48 0.50
0.26 0.38 0.12 0.40 0.32
0.86 0.76 0.64 0.88 0.60
0.71 0.66 0.74 0.77 0.73
0.56 0.56 0.48 0.57 0.59
0.28 0.29 0.16 0.31 0.33
0.61 0.58 0.38 0.63 0.44
0.70 0.69 0.55 0.67 0.65
0.71 0.69 0.87 0.83 0.75
0.60 0.57 0.60 0.71 0.61
0.30 0.14 0.16 0.14 0.21
0.26 0.18 0.10 0.30 0.07
0.31 0.21 0.18 0.28 0.19
0.63 0.47 0.53 0.67 0.48
0.34 0.35 0.40 0.33 0.40
0.57 0.44 0.42 0.55 0.42
0.62 0.47 0.51 0.52 0.43
0.48 0.42 0.52 0.54 0.52
0.60 0.44 0.62 0.65 0.50
0.85 0.83 0.72 0.91 0.77
0.68 0.69 0.63 0.73 0.64
0.51 0.45 0.43 0.69 0.39
0.62 0.60 0.65 0.59 0.66
0.21 0.39 0.12 0.32 0.36
0.53 0.53 0.53 0.43 0.54
0.49 0.41 0.39 0.56 0.37
0.34 0.51 0.22 0.35 0.50
0.40 0.27 0.37 0.41 0.30
0.36 0.36 0.43 0.45 0.43
0.53 0.58 0.57 0.64 0.61
0.54 0.52 0.56 0.66 0.55
0.46 0.41 0.37 0.51 0.33
0.70 0.62 0.62 0.80 0.56
0.36 0.24 0.28 0.50 0.23
0.48 0.42 0.31 0.44 0.35
0.77 0.65 0.48 0.51 0.52
0.86 0.80 0.80 0.86 0.84
0.00 0.00 0.00 0.00 0.00
0.41 0.42 0.42 0.40 0.49
0.16 0.13 0.18 0.12 0.15
0.64 0.49 0.56 0.64 0.43
0.83 0.72 0.77 0.62 0.71
0.35 0.32 0.37 0.34 0.34
0.45 0.60 0.45 0.52 0.60
0.60 0.53 0.58 0.66 0.39
0.19 0.22 0.20 0.18 0.23
0.91 1.00 0.84 0.78 1.00
0.44 0.44 0.43 0.44 0.45
0.18 0.07 0.15 0.02 0.02
0.29 0.28 0.26 0.25 0.29
0.44 0.52 0.36 0.49 0.42
0.23 0.17 0.30 0.32 0.23
0.43 0.37 0.47 0.36 0.43
0.64 0.60 0.70 0.71 0.61
0.30 0.43 0.33 0.40 0.38
0.56 0.59 0.50 0.57 0.44
0.46 0.47 0.47 0.56 0.49
0.65 0.62 0.71 0.52 0.62
0.36 0.52 0.29 0.32 0.38
0.26 0.36 0.27 0.40 0.30
0.44 0.46 0.50 0.47 0.49
0.50 0.49 0.55 0.60 0.50
0.67 0.61 0.65 0.73 0.59
0.59 0.53 0.47 0.57 0.55
0.55 0.53 0.42 0.47 0.44
0.26 0.21 0.26 0.09 0.27
0.30 0.51 0.30 0.41 0.42
0.32 0.31 0.36 0.22 0.30
0.51 0.55 0.52 0.33 0.54
0.81 0.82 0.78 0.77 0.78
0.52 0.50 0.42 0.72 0.38
0.40 0.53 0.37 0.51 0.57
0.14 0.14 0.00 0.05 0.00
0.38 0.39 0.42 0.35 0.50
0.17 0.25 0.27 0.29 0.21
0.34 0.32 0.31 0.27 0.26
0.17 0.09 0.20 0.21 0.05
0.27 0.35 0.26 0.30 0.34
0.43 0.41 0.43 0.56 0.38
0.74 0.76 0.57 0.61 0.68
0.38 0.48 0.33 0.28 0.45
0.81 0.87 0.72 0.84 0.72
0.60 0.64 0.58 0.67 0.64
0.71 0.73 0.64 0.81 0.61
0.73 0.80 0.69 0.58 0.75
0.55 0.46 0.45 0.53 0.38
0.22 0.15 0.09 0.24 0.00
0.32 0.37 0.35 0.33 0.32
0.23 0.33 0.16 0.17 0.21
0.65 0.59 0.55 0.66 0.48
0.52 0.52 0.57 0.48 0.52
0.90 0.78 0.83 0.92 0.72
0.56 0.55 0.41 0.55 0.43
0.60 0.69 0.50 0.52 0.58
0.07 0.10 0.07 0.07 0.13
0.45 0.49 0.44 0.43 0.51
0.50 0.56 0.43 0.37 0.57
0.62 0.74 0.73 0.67 0.84
0.42 0.28 0.34 0.38 0.26
0.23 0.29 0.18 0.29 0.23
0.44 0.49 0.41 0.38 0.48
1.00 0.96 0.88 1.00 0.81
0.11 0.24 0.18 0.17 0.17
0.77 0.91 0.74 0.84 0.94
0.30 0.36 0.29 0.35 0.27
0.22 0.24 0.33 0.25 0.28
0.42 0.32 0.32 0.35 0.21
0.77 0.66 0.63 0.46 0.61
0.23 0.40 0.17 0.39 0.27
0.07 0.17 0.11 0.08 0.17
0.14 0.22 0.04 0.18 0.16
0.64 0.59 0.65 0.52 0.66
0.45 0.58 0.45 0.56 0.54
0.35 0.33 0.25 0.48 0.28
0.61 0.65 0.47 0.61 0.59
0.45 0.38 0.40 0.42 0.35
0.58 0.63 0.62 0.60 0.62
0.31 0.45 0.30 0.49 0.42
0.51 0.51 0.43 0.42 0.51
0.27 0.18 0.22 0.32 0.14
0.85 0.68 0.72 0.70 0.63
0.15 0.34 0.12 0.14 0.37
0.38 0.47 0.15 0.49 0.20
0.81 0.77 0.76 0.68 0.72
0.26 0.17 0.10 0.11 0.14
0.22 0.17 0.16 0.15 0.09
0.70 0.71 0.70 0.60 0.70
0.32 0.29 0.40 0.29 0.20
0.68 0.73 0.66 0.73 0.58
0.58 0.58 0.45 0.57 0.55
0.08 0.12 0.00 0.11 0.09
0.54 0.49 0.45 0.49 0.44
0.75 0.70 0.59 0.64 0.65
0.27 0.33 0.32 0.42 0.38
0.48 0.43 0.39 0.47 0.31
0.63 0.52 0.38 0.57 0.44
0.50 0.46 0.54 0.72 0.40
0.47 0.34 0.41 0.41 0.29
0.86 0.86 0.72 0.87 0.75
0.69 0.57 0.64 0.74 0.59
0.36 0.41 0.22 0.46 0.37
0.84 0.77 0.68 0.93 0.58
0.76 0.71 0.57 0.54 0.55
0.50 0.61 0.38 0.47 0.51
0.53 0.41 0.37 0.50 0.39
0.36 0.56 0.21 0.30 0.45
0.72 0.70 0.54 0.70 0.59
0.54 0.47 0.41 0.40 0.37
0.66 0.59 0.47 0.56 0.55
0.26 0.20 0.13 0.29 0.22
0.38 0.41 0.24 0.39 0.30
0.70 0.69 0.58 0.66 0.67
0.20 0.29 0.13 0.24 0.25
0.80 0.70 0.82 0.79 0.67
0.32 0.36 0.08 0.35 0.25
0.57 0.55 0.48 0.43 0.57
0.48 0.54 0.45 0.51 0.41
0.44 0.49 0.40 0.56 0.50
0.65 0.52 0.56 0.45 0.50
0.60 0.71 0.51 0.74 0.62
0.61 0.54 0.55 0.49 0.53
0.54 0.55 0.52 0.50 0.59
0.27 0.24 0.18 0.30 0.13
0.23 0.28 0.08 0.22 0.21
0.61 0.65 0.51 0.50 0.63
0.57 0.54 0.39 0.62 0.42
0.52 0.53 0.54 0.69 0.53
0.24 0.22 0.26 0.33 0.22
0.82 0.80 0.67 0.53 0.75
0.76 0.68 0.71 0.71 0.63
0.39 0.36 0.50 0.30 0.53
0.66 0.59 0.53 0.78 0.52
0.41 0.41 0.35 0.27 0.37
0.44 0.47 0.47 0.54 0.42
0.85 0.74 0.73 0.73 0.68
0.55 0.48 0.48 0.66 0.44
0.86 0.84 0.85 0.95 0.82
0.77 0.71 0.64 0.75 0.69
0.49 0.51 0.43 0.53 0.49
0.31 0.43 0.29 0.47 0.39
0.18 0.28 0.02 0.32 0.14
0.41 0.36 0.35 0.36 0.28
0.43 0.50 0.45 0.56 0.65
0.53 0.48 0.51 0.67 0.49
0.44 0.47 0.37 0.55 0.37
0.58 0.68 0.56 0.57 0.68
0.50 0.61 0.51 0.47 0.63
0.50 0.54 0.39 0.55 0.52
0.49 0.52 0.34 0.44 0.40
0.38 0.40 0.40 0.22 0.40
0.43 0.41 0.31 0.40 0.39
0.44 0.46 0.32 0.51 0.33
0.42 0.40 0.40 0.63 0.35
0.28 0.28 0.11 0.33 0.11
0.34 0.40 0.32 0.53 0.42
0.53 0.53 0.38 0.39 0.49
0.04 0.00 0.04 0.05 0.00
0.00 0.00 0.00 0.00 0.00
0.10 0.20 0.20 0.41 0.19
0.30 0.34 0.32 0.33 0.32
0.44 0.38 0.37 0.41 0.34
0.61 0.71 0.47 0.49 0.65
0.13 0.13 0.12 0.14 0.14
0.53 0.42 0.55 0.46 0.46
0.49 0.61 0.41 0.56 0.49
0.22 0.15 0.25 0.31 0.17
0.47 0.46 0.40 0.46 0.50
0.53 0.26 0.48 0.43 0.35
0.38 0.46 0.41 0.43 0.53
0.71 0.60 0.71 0.83 0.61
0.54 0.66 0.56 0.52 0.67
1.00 1.00 1.00 1.00 1.00
0.60 1.00 0.74 0.77 1.00
0.36 0.64 0.32 0.27 0.50
0.34 0.49 0.39 0.58 0.44
0.17 0.23 0.16 0.25 0.15
0.63 0.85 0.70 0.67 0.93
0.28 0.53 0.36 0.44 0.53
0.62 0.70 0.77 0.50 0.79
0.09 0.01 0.14 0.27 0.03
0.34 0.51 0.51 0.41 0.68
0.00 0.00 0.00 0.00 0.02
1.00 0.93 1.00 0.81 0.95
0.71 0.64 0.60 0.64 0.74
0.02 0.13 0.16 0.12 0.00
0.68 0.83 0.64 0.65 0.66
0.16 0.18 0.21 0.17 0.13
1.00 0.82 0.79 0.54 0.75
0.98 0.98 0.74 0.72 1.00
0.49 0.61 0.26 0.23 0.52
0.96 0.98 1.00 1.00 1.00
0.69 0.52 0.63 0.42 0.55
0.46 0.54 0.45 0.28 0.62
0.68 0.67 0.58 0.44 0.68
1.00 1.00 1.00 1.00 1.00
0.13 0.00 0.06 0.13 0.06
0.92 1.00 0.97 0.85 0.91
0.43 0.49 0.60 0.60 0.54
0.57 0.43 0.89 0.48 0.72
0.42 0.31 0.53 0.50 0.54
0.52 0.60 0.48 0.34 0.67
0.30 0.19 0.40 0.30 0.27
0.65 0.60 0.62 0.56 0.63
0.55 0.54 0.65 0.54 0.60
1.00 0.95 1.00 1.00 0.78
0.00 0.00 0.00 0.00 0.00
0.00 0.00 0.00 0.08 0.00
