0.50 0.32
0.60 0.58
0.55 0.65
0.52 0.64
0.44 0.64
0.33 0.58
0.36 0.51
0.58 0.45
0.50 0.57
0.31 0.46
0.57 0.46
0.79 0.71
0.46 0.68
0.30 0.54
0.26 0.36
0.35 0.51
0.27 0.62
0.67 0.43
0.44 0.72
0.42 0.49
0.59 0.51
0.36 0.52
0.77 0.45
0.47 0.46
0.41 0.61
0.49 0.67
0.66 0.66
0.44 0.72
0.38 0.46
0.37 0.43
0.33 0.62
0.15 0.50
0.51 0.68
0.41 0.59
0.35 0.44
0.57 0.45
0.65 0.57
0.37 0.39
0.58 0.67
0.37 0.47
0.44 0.43
0.54 0.66
0.36 0.29
0.79 0.45
0.41 0.65
0.39 0.73
0.57 0.52
0.57 0.55
0.36 0.51
0.45 0.62
0.62 0.49
0.61 0.48
0.38 0.49
0.62 0.48
0.19 0.62
0.75 0.56
0.38 0.39
0.41 0.31
0.51 0.50
0.58 0.76
0.59 0.47
0.49 0.67
0.42 0.57
0.50 0.49
0.61 0.62
0.23 0.47
0.60 0.55
0.54 0.42
0.62 0.46
0.35 0.47
0.34 0.48
0.59 0.39
0.30 0.31
0.24 0.28
0.70 0.60
0.53 0.50
0.33 0.41
0.13 0.59
0.29 0.54
0.32 0.51
0.39 0.54
0.44 0.45
0.46 0.67
0.37 0.49
0.49 0.55
0.44 0.23
0.49 0.49
0.62 0.73
0.69 0.48
0.57 0.41
0.45 0.42
0.46 0.47
0.36 0.52
0.15 0.69
0.50 0.33
0.41 0.67
0.33 0.50
0.32 0.86
0.38 0.50
0.54 0.27
0.40 0.46
0.26 0.73
0.40 0.61
0.30 0.40
0.69 0.50
0.34 0.71
0.60 0.22
0.42 0.52
0.62 0.52
0.73 0.49
0.25 0.46
0.64 0.37
0.51 0.58
0.30 0.57
0.56 0.31
0.24 0.48
0.71 0.33
0.32 0.74
0.27 0.40
0.38 0.79
0.52 0.23
0.68 0.71
0.47 0.44
0.60 0.24
0.35 0.58
0.58 0.66
0.27 0.60
0.45 0.31
0.57 0.64
0.45 0.36
0.39 0.62
0.19 0.75
0.46 0.51
0.32 0.74
0.39 0.38
0.36 0.61
0.48 0.72
0.42 0.47
0.53 0.54
0.52 0.47
0.54 0.65
0.71 0.45
0.52 0.78
0.49 0.70
0.49 0.51
0.36 0.38
0.56 0.51
0.40 0.66
0.33 0.42
0.46 0.43
0.45 0.52
0.45 0.44
0.39 0.40
0.53 0.56
0.18 0.65
0.35 0.45
0.50 0.59
0.65 0.60
0.32 0.66
0.40 0.60
0.51 0.42
0.32 0.38
0.08 0.72
0.45 0.72
0.73 0.56
0.41 0.22
0.31 0.48
0.55 0.70
0.33 0.62
0.57 0.50
0.58 0.62
0.39 0.51
0.50 0.67
0.27 0.28
0.51 0.42
0.51 0.70
0.58 0.39
0.37 0.59
0.35 0.67
0.68 0.44
0.45 0.56
0.56 0.41
0.39 0.49
0.39 0.63
0.56 0.82
0.62 0.42
0.66 0.45
0.58 0.52
0.56 0.56
0.07 0.55
0.71 0.61
0.46 0.77
0.52 0.79
0.51 0.52
0.41 0.33
0.57 0.31
0.66 0.42
0.80 0.67
0.62 0.56
0.54 0.48
0.40 0.32
0.36 0.36
0.60 0.60
0.39 0.67
0.51 0.39
0.51 0.52
0.47 0.75
0.57 0.65
0.33 0.58
0.48 0.40
0.65 0.42
0.41 0.74
0.69 0.39
0.66 0.50
0.44 0.36
0.40 0.46
0.54 0.61
0.65 0.32
0.62 0.73
0.49 0.71
0.53 0.65
0.34 0.40
0.49 0.28
0.41 0.72
0.38 0.48
0.50 0.45
0.58 0.41
0.36 0.64
0.43 0.21
0.39 0.43
0.48 0.61
0.47 0.58
0.63 0.36
0.48 0.53
0.32 0.77
0.21 0.43
0.44 0.54
0.42 0.28
0.35 0.33
0.27 0.71
0.48 0.40
0.66 0.76
0.36 0.54
0.59 0.63
0.56 0.75
0.36 0.52
0.66 0.73
1.00 0.55
0.61 0.74
0.41 0.38
0.83 0.66
0.84 0.43
0.50 0.63
0.62 0.44
0.51 0.46
0.40 0.46
0.62 0.32
0.61 0.72
0.35 0.51
0.57 0.44
0.32 0.52
0.50 0.53
0.90 0.54
0.68 0.43
0.43 0.91
0.54 0.66
0.71 0.60
0.65 0.54
0.11 0.65
0.77 0.47
1.00 0.50
0.61 0.39
0.50 0.44
0.75 0.66
0.59 0.63
0.41 0.55
0.46 0.40
0.27 0.56
0.67 0.68
0.36 0.38
0.71 0.69
0.38 0.67
0.66 0.52
0.56 0.72
0.69 0.60
0.37 0.51
0.69 0.55
0.50 0.50
0.47 0.52
0.66 0.47
0.42 0.72
0.53 0.69
0.29 0.51
0.38 0.45
0.35 0.52
0.72 0.45
0.20 0.56
0.59 0.43
0.68 0.35
0.60 0.46
0.41 0.32
0.38 0.36
0.69 0.26
0.73 0.69
0.40 0.51
0.31 0.60
0.41 0.37
0.50 0.87
0.59 0.44
0.22 0.43
0.67 0.45
0.57 0.70
0.60 0.98
0.57 0.46
0.27 0.63
0.53 0.36
0.59 0.29
0.74 0.41
0.43 0.54
0.48 0.42
0.22 0.64
0.56 0.30
0.39 0.49
0.74 0.75
0.58 0.62
0.52 0.40
0.46 0.58
0.70 0.58
0.66 0.29
0.73 0.39
0.58 0.50
0.45 0.57
0.52 0.43
0.69 0.50
0.44 0.31
0.76 0.47
0.57 0.62
0.37 0.36
0.64 0.46
0.78 0.35
0.63 0.57
0.40 0.37
0.34 0.26
0.53 0.70
0.63 0.44
0.47 0.59
0.59 0.48
0.86 1.00
0.96 0.83
0.89 0.44
0.35 0.56
0.67 0.59
0.24 0.62
0.42 0.63
0.43 0.33
0.43 0.78
0.47 0.51
0.54 0.40
0.52 0.58
0.29 0.92
0.56 0.48
0.41 0.41
0.51 0.54
0.69 0.62
0.76 0.72
0.50 0.61
0.49 0.54
0.68 0.65
0.40 0.40
0.67 0.55
0.47 0.85
0.72 0.57
0.58 0.32
0.82 0.33
0.56 0.50
0.67 0.56
0.65 0.26
0.56 0.68
0.56 0.61
0.47 0.60
0.24 0.64
0.55 0.58
0.40 0.54
0.59 0.60
0.60 0.52
0.47 0.49
0.44 0.33
0.25 0.57
0.56 0.97
0.48 0.54
0.51 0.39
0.54 0.37
0.42 0.51
0.51 0.50
0.14 0.57
0.74 0.23
0.54 0.73
0.76 0.55
0.56 0.55
0.58 0.74
0.31 0.43
0.50 0.60
0.57 0.82
0.61 0.55
0.60 0.75
0.55 0.67
0.58 0.40
0.61 0.37
0.61 0.70
0.68 0.66
0.53 0.55
0.77 0.32
0.78 0.50
0.59 0.45
0.60 0.52
0.74 0.81
0.65 0.74
0.66 0.70
0.50 0.83
0.33 0.61
0.69 0.48
0.49 0.58
0.60 0.38
0.54 0.48
0.69 0.39
0.74 0.49
0.60 0.67
0.63 0.81
0.78 0.63
0.62 0.58
0.69 0.61
0.78 0.52
0.56 0.94
0.67 0.43
0.72 0.54
0.51 0.48
0.59 0.63
0.55 0.38
0.43 0.59
0.73 0.45
0.67 0.59
0.61 0.70
0.38 0.83
0.37 0.63
0.31 0.98
0.27 0.34
0.62 0.65
0.39 0.37
0.58 0.55
0.39 0.75
0.56 0.48
0.33 0.54
0.68 0.83
0.64 0.55
0.70 0.81
0.66 0.24
0.44 0.47
0.43 0.56
0.53 0.51
0.44 0.46
0.43 0.50
0.58 0.68
0.81 0.26
0.79 0.57
0.48 0.46
0.61 0.66
0.48 0.82
0.67 0.50
0.45 0.70
0.43 0.25
0.51 0.56
0.54 0.42
0.69 0.84
0.62 0.35
0.75 0.50
0.47 0.35
0.70 0.77
0.34 0.62
0.53 0.76
0.71 0.64
0.45 0.68
0.64 0.49
0.43 0.60
0.71 0.70
0.47 0.33
0.66 0.55
0.56 0.60
0.44 0.40
0.79 0.68
0.46 0.91
0.57 0.53
0.59 0.60
0.51 0.59
0.49 0.95
0.55 0.87
0.50 0.71
0.82 0.44
0.83 0.55
0.83 0.80
0.79 0.67
0.55 0.58
0.61 0.75
0.35 0.59
0.60 0.58
0.26 0.74
0.32 0.57
0.63 0.41
0.76 0.76
0.48 0.62
0.43 0.87
0.70 0.71
0.44 0.73
0.45 0.56
0.35 0.74
0.55 0.64
0.20 0.82
0.44 0.44
0.28 0.46
0.75 0.49
0.48 0.44
0.71 0.60
0.52 0.85
0.46 0.53
0.55 0.52
1.00 0.40
0.55 0.58
0.59 0.62
0.26 0.47
0.40 0.73
0.50 0.69
0.37 0.64
0.78 0.77
0.58 0.81
0.40 0.82
0.64 0.60
0.56 0.61
0.42 0.55
0.65 0.65
0.59 0.92
0.46 0.76
0.77 0.49
0.65 0.26
0.54 0.34
1.00 0.60
0.28 0.41
1.00 0.82
0.59 0.48
0.69 0.65
0.24 0.43
0.61 0.85
0.74 0.51
0.67 0.71
0.62 0.40
0.81 0.75
0.77 0.53
0.57 0.97
0.69 0.57
0.34 0.62
0.73 0.38
0.68 0.45
0.52 0.32
0.50 0.41
0.18 0.64
0.56 0.57
0.50 0.78
0.52 0.86
0.78 0.79
0.76 0.47
0.39 0.52
0.36 0.79
0.68 0.75
0.84 0.66
0.60 0.28
0.56 0.52
0.36 0.62
0.71 0.71
0.17 0.70
0.34 0.59
0.36 0.56
0.47 0.71
0.64 0.68
0.64 0.58
0.69 0.66
0.44 0.57
0.66 0.47
0.65 0.57
0.68 0.90
0.50 0.52
0.79 0.54
0.63 0.64
0.50 0.41
0.92 0.54
0.44 0.49
0.65 0.61
0.61 0.68
0.53 0.81
0.49 0.42
0.74 0.50
0.36 0.81
0.70 0.86
0.48 0.73
0.48 0.48
0.35 0.63
0.54 0.59
0.42 0.62
0.50 0.50
0.91 0.61
0.48 0.78
0.60 0.87
0.57 0.33
0.67 0.74
0.77 0.75
0.67 0.44
0.47 0.47
0.73 0.45
0.41 0.76
0.82 0.53
0.63 0.58
0.49 0.60
0.59 0.33
0.89 0.53
0.52 0.47
0.75 0.57
0.48 0.86
0.56 0.86
0.52 0.50
0.77 0.40
0.66 0.91
0.65 0.75
0.37 0.83
0.38 0.29
0.82 0.54
0.49 0.65
0.35 0.44
0.37 0.40
0.51 0.29
0.45 0.74
0.46 0.68
0.43 0.75
0.22 0.35
0.36 0.56
0.54 0.62
0.62 0.44
0.77 0.61
0.29 0.80
0.31 0.40
0.68 0.48
0.66 0.92
0.90 0.38
0.65 0.49
0.39 0.68
0.46 0.39
0.53 0.47
0.66 0.47
0.54 0.54
0.66 0.33
0.59 0.28
0.93 0.80
0.36 0.63
0.64 0.40
0.74 0.92
0.73 0.66
0.81 0.64
0.64 0.45
0.56 0.53
0.00 0.74
0.54 0.66
0.94 0.57
0.46 0.39
0.31 0.54
0.66 0.48
0.09 0.34
0.54 0.30
0.83 0.48
0.55 0.64
0.46 0.70
0.28 0.48
0.35 0.66
0.82 0.69
0.62 0.84
0.34 0.93
0.44 0.48
0.71 0.94
0.40 0.51
0.70 0.71
0.61 0.53
0.66 0.61
0.73 0.65
0.24 0.42
0.75 0.59
0.74 0.87
0.68 0.58
0.46 0.46
0.49 0.68
0.38 0.81
0.94 0.53
0.52 0.51
0.28 0.68
0.88 0.66
0.31 0.83
0.38 0.67
0.49 0.43
0.64 0.59
0.18 0.60
0.62 0.48
0.57 0.45
0.14 0.53
0.53 0.52
0.79 0.82
0.23 0.35
0.66 0.71
0.78 1.00
0.56 0.59
0.58 0.33
0.51 0.40
0.49 0.91
0.90 0.36
0.45 0.66
0.34 0.77
0.40 0.45
0.44 0.63
0.29 0.38
0.43 0.75
0.49 0.33
0.70 0.65
0.66 0.66
0.47 0.67
0.73 0.47
0.79 0.67
0.64 0.61
0.85 0.58
0.50 0.01
0.53 0.64
0.44 0.58
0.85 0.61
0.91 0.34
0.50 0.67
0.68 0.48
0.60 0.53
0.27 0.45
0.21 0.00
0.44 0.58
0.74 0.28
0.65 0.47
0.48 0.81
0.77 0.79
0.59 0.82
0.79 0.54
0.43 0.47
0.63 0.47
0.19 0.35
0.73 0.22
0.47 0.74
0.45 0.43
0.33 0.54
0.50 0.68
0.43 0.27
0.33 0.60
0.48 0.38
0.46 0.48
0.62 0.38
0.56 0.54
0.46 0.73
0.38 0.35
0.87 0.50
0.71 0.77
0.54 0.42
0.57 0.52
0.73 0.58
0.41 0.56
0.52 0.78
0.41 0.45
0.97 0.63
0.67 0.67
0.36 0.87
0.24 0.35
0.36 0.75
0.55 0.83
0.65 0.47
0.25 0.44
0.70 0.69
0.44 0.68
0.55 0.76
0.36 0.62
0.64 0.53
0.21 0.41
0.66 0.61
0.28 0.50
0.46 0.69
0.73 0.76
0.67 0.66
0.37 0.64
0.71 0.61
0.52 0.35
0.54 0.86
0.58 0.87
0.50 0.75
0.51 0.49
0.40 0.24
0.80 0.81
0.52 0.60
0.26 0.63
0.46 0.26
0.83 0.17
0.48 0.74
0.71 0.23
0.57 0.59
0.33 0.44
0.36 0.43
0.39 0.56
0.50 0.65
0.66 0.48
0.50 0.45
0.12 0.73
0.59 0.54
0.43 0.78
0.38 0.80
0.31 0.42
0.67 0.52
0.61 0.22
0.63 0.84
0.57 0.31
0.63 0.43
0.59 0.26
0.27 0.58
0.53 0.48
0.44 0.44
0.75 0.29
0.45 0.51
0.18 0.44
0.60 0.52
0.28 0.66
0.63 0.39
0.00 0.00
0.36 0.40
0.61 0.24
0.66 0.60
0.62 0.70
0.83 0.65
0.84 0.47
0.48 0.95
0.58 0.59
0.74 0.51
0.84 0.65
0.71 0.29
0.50 0.46
0.73 0.23
0.38 0.42
0.62 0.71
0.55 0.37
0.25 0.40
0.39 0.38
0.24 0.49
0.74 0.46
0.43 0.73
0.24 0.52
0.88 0.28
0.80 0.76
0.94 0.35
0.74 0.40
0.50 0.37
0.18 0.32
0.57 0.76
0.46 0.53
0.79 0.21
0.19 0.85
0.39 0.42
0.52 0.53
0.11 0.54
0.52 0.24
0.69 0.29
0.59 0.63
0.34 0.81
0.54 0.22
0.60 0.66
0.62 0.21
0.63 0.98
0.47 0.69
0.56 0.73
0.54 0.05
0.30 0.56
0.53 0.31
0.67 0.34
0.59 0.43
0.62 0.38
0.75 0.48
0.56 0.30
0.41 0.44
0.09 0.42
0.68 0.24
0.92 0.37
0.50 0.62
0.52 0.60
0.90 0.73
0.00 0.44
0.56 0.41
0.46 0.28
0.22 0.49
0.57 0.20
0.18 1.00
0.43 0.19
0.61 0.37
0.70 0.38
0.04 0.59
0.71 0.21
0.49 0.50
0.29 0.69
0.54 0.34
0.38 0.41
0.82 0.26
0.38 0.45
0.61 0.81
0.40 0.42
0.33 0.33
0.18 0.60
0.36 0.39
0.46 0.79
0.43 0.74
0.46 0.61
0.55 0.61
0.19 0.24
0.48 0.62
0.00 0.37
0.74 0.39
0.45 0.57
0.39 0.69
0.44 0.76
0.42 0.78
0.44 0.47
0.40 0.21
0.36 0.93
0.49 0.48
0.39 0.42
0.03 0.38
0.22 0.69
0.39 0.61
0.41 0.68
0.73 0.54
0.28 0.59
0.53 0.34
0.31 0.18
0.76 0.76
0.17 0.55
0.44 0.78
0.50 0.24
0.41 0.27
0.72 0.67
0.40 0.51
0.41 0.59
0.25 0.00
1.00 0.44
0.78 0.36
0.27 0.37
0.49 0.51
0.73 0.39
0.06 0.44
0.59 0.95
0.54 0.51
0.25 0.27
0.70 0.59
0.40 0.45
0.75 1.00
0.33 0.25
0.38 0.08
0.69 0.43
0.49 0.21
0.61 0.71
0.10 0.58
0.90 1.00
0.42 0.80
0.54 1.00
0.97 0.26
0.08 0.36
0.00 0.62
0.41 0.36
0.34 0.78
0.94 0.71
0.52 0.46
0.38 0.61
0.49 0.60
0.50 0.36
1.00 0.78
1.00 0.67
0.91 0.43
0.43 0.44
0.80 0.70
0.34 0.21
0.38 0.80
0.86 0.88
0.06 0.37
0.46 1.00
0.70 0.15
0.50 0.97
0.26 0.74
0.30 0.00
0.16 0.42
0.41 0.00
0.00 0.00
0.00 0.60
0.00 0.87
