0.45 0.21 0.67
0.40 0.36 0.55
0.43 0.17 0.55
0.49 0.24 0.75
0.73 0.16 0.59
0.56 0.51 0.44
0.39 0.65 0.34
0.70 0.57 0.58
0.53 0.29 0.62
0.49 0.24 0.38
0.76 0.49 0.69
0.47 0.32 0.56
0.54 0.81 0.30
0.33 0.49 0.58
0.56 0.39 0.52
0.62 0.58 0.41
0.31 0.74 0.62
0.66 0.51 0.40
0.28 0.72 0.65
0.67 0.58 0.58
0.57 0.43 0.59
0.96 0.57 0.44
0.61 0.51 0.75
0.56 0.32 0.49
0.73 0.55 0.44
0.89 0.47 0.60
0.50 0.70 0.66
0.64 0.56 0.66
0.55 0.44 0.38
0.73 0.71 0.29
0.58 0.70 0.47
0.27 0.76 0.56
0.86 0.42 0.50
0.51 0.83 0.46
0.52 0.58 0.51
0.50 0.62 0.59
0.46 0.56 0.43
0.50 0.66 0.46
0.47 0.23 0.55
0.39 0.48 0.64
0.61 0.63 0.54
0.65 0.54 0.31
0.62 0.48 0.63
0.46 0.69 0.42
0.46 0.59 0.48
0.37 0.42 0.43
0.67 0.53 0.51
0.56 0.65 0.46
0.66 0.93 0.40
0.60 0.40 0.47
0.40 0.58 0.27
0.46 0.72 0.44
0.54 0.67 0.45
0.45 0.67 0.44
0.55 0.34 0.54
0.47 0.66 0.63
0.89 0.34 0.58
0.78 0.15 0.48
0.31 0.60 0.53
0.55 0.61 0.65
0.62 0.41 0.36
0.35 0.76 0.44
0.52 0.41 0.31
0.47 0.65 0.29
0.50 0.51 0.63
0.36 0.67 0.42
0.69 0.49 0.54
0.41 0.58 0.41
0.47 0.79 0.29
0.42 0.62 0.55
0.75 0.46 0.83
0.42 0.60 0.26
0.48 0.54 0.59
0.63 0.50 0.52
0.43 0.39 0.50
0.40 0.60 0.59
0.50 0.52 0.61
0.57 0.26 0.61
0.61 0.80 0.76
0.71 0.64 0.35
0.47 0.63 0.71
0.69 0.66 0.59
0.79 0.67 0.64
0.60 0.59 0.51
0.81 0.61 0.53
0.54 0.58 0.59
0.43 0.42 0.64
0.49 0.17 0.31
0.84 0.45 0.43
0.63 0.37 0.40
0.54 0.43 0.25
0.58 0.33 0.45
0.48 0.48 0.47
0.54 0.24 0.35
0.52 0.44 0.49
0.38 0.52 0.64
0.46 0.27 0.32
0.36 0.56 0.64
0.87 0.45 0.52
0.53 0.39 0.49
0.82 0.60 0.61
0.47 0.67 0.31
0.45 0.79 0.63
0.50 0.68 0.48
0.63 0.53 0.54
0.71 0.09 0.60
0.63 0.49 0.57
0.46 0.34 0.63
0.58 0.40 0.44
0.64 0.11 0.41
0.85 0.63 0.71
0.95 0.22 0.57
0.76 0.81 0.70
0.53 0.66 0.33
0.52 0.42 0.02
0.67 0.33 0.50
0.54 0.73 0.66
0.49 0.71 0.53
0.54 0.65 0.58
0.51 0.61 0.60
0.59 0.52 0.43
0.49 0.60 0.73
0.50 0.47 0.58
0.68 0.49 0.45
0.49 0.67 0.57
0.55 0.25 0.47
0.72 0.41 0.47
0.24 0.81 0.16
0.52 0.21 0.36
0.50 0.44 0.41
0.66 0.45 0.54
0.54 0.31 0.37
0.16 0.18 0.65
0.37 0.11 0.46
0.30 0.50 0.61
0.42 0.63 0.53
0.28 0.37 0.58
0.32 0.63 0.48
0.83 0.47 0.52
0.58 0.63 0.51
0.81 0.49 0.40
0.83 0.38 0.76
0.47 0.21 0.74
0.52 0.39 0.70
0.66 0.24 0.56
0.29 0.53 0.23
0.43 0.63 0.46
0.86 0.08 0.65
0.70 0.36 0.70
0.70 0.42 0.55
0.28 0.78 0.40
0.42 0.51 0.82
0.72 0.60 0.56
0.72 0.70 0.68
0.89 0.49 0.18
0.73 0.35 0.45
0.46 0.42 0.77
0.62 0.70 0.64
0.39 0.35 0.52
0.31 0.73 0.61
0.62 0.52 0.59
0.58 0.48 0.25
0.22 0.58 0.52
0.57 0.66 0.76
0.52 0.30 0.61
0.72 0.60 0.42
0.60 0.59 0.24
0.42 0.85 0.45
0.73 0.62 0.48
0.43 0.58 0.70
0.59 0.51 0.57
0.37 0.58 0.57
0.53 0.52 0.33
0.44 0.35 0.46
0.45 0.46 0.02
0.48 0.16 0.55
0.35 0.54 0.53
0.50 0.35 0.30
0.67 0.67 0.42
0.54 0.59 0.54
0.40 0.33 0.64
0.44 0.34 0.61
0.55 0.28 0.46
0.33 0.63 0.70
0.69 0.74 0.58
0.74 0.34 0.34
0.47 0.49 0.66
0.41 0.55 0.76
0.39 0.39 0.48
0.57 0.49 0.50
0.68 0.29 0.48
0.64 0.41 0.34
0.57 0.66 0.23
0.65 0.42 0.52
0.30 0.60 0.62
0.40 0.46 0.50
0.38 0.51 0.70
0.37 0.41 0.41
0.43 0.36 0.61
0.53 0.45 0.47
0.55 0.60 0.20
0.44 0.60 0.47
0.58 0.56 0.23
0.74 0.27 0.59
0.67 0.45 0.34
0.53 0.64 0.39
0.52 0.15 0.42
0.46 0.49 0.47
0.67 0.38 0.20
0.81 0.47 0.85
0.44 0.44 0.48
0.61 0.54 0.70
0.51 0.78 0.38
0.52 0.50 0.46
0.49 0.55 0.62
0.24 0.39 0.59
0.64 0.71 0.40
0.66 0.47 0.60
0.69 0.30 0.37
0.66 0.41 0.66
0.56 0.25 0.47
0.63 0.20 0.38
0.44 0.60 0.67
0.74 0.49 0.61
0.65 0.43 0.48
0.50 0.25 0.49
0.79 0.10 0.32
0.80 0.17 0.48
0.35 0.41 0.75
0.58 0.70 0.62
0.48 0.38 0.30
0.49 0.40 0.86
0.54 0.60 0.46
0.59 0.44 0.39
1.00 0.60 0.62
0.87 0.63 0.19
0.63 0.78 0.50
0.43 0.54 0.61
0.48 0.35 0.27
0.41 0.47 0.45
0.39 0.60 0.60
0.38 0.58 0.33
0.63 0.63 0.69
0.39 0.26 0.51
0.50 0.69 0.34
0.59 0.27 0.75
0.58 0.65 0.46
0.96 0.57 0.54
0.77 0.41 0.56
0.57 0.31 0.91
0.50 0.38 0.33
0.57 0.36 0.31
0.61 0.38 0.71
0.65 0.21 0.49
0.25 0.64 0.53
0.55 0.49 0.40
0.45 0.31 0.46
0.58 0.54 0.75
0.60 0.69 0.59
0.81 0.53 0.47
0.51 0.44 0.60
0.70 0.68 0.40
0.54 0.71 0.61
0.66 0.45 0.50
0.85 0.59 0.47
0.40 0.37 0.60
0.44 0.31 0.40
0.71 0.36 0.42
0.74 0.53 0.18
0.72 0.52 0.44
0.59 0.56 0.54
0.49 0.55 0.73
0.52 0.45 0.56
0.65 0.78 0.26
0.31 0.76 0.41
0.62 0.44 0.25
0.38 0.40 0.41
0.71 0.07 0.33
0.65 0.51 0.45
0.55 0.58 0.58
0.80 0.73 0.57
0.60 0.49 0.67
0.64 0.54 0.64
0.69 0.40 0.32
0.77 0.30 0.49
0.58 0.63 0.40
0.30 0.71 0.49
0.63 0.25 0.39
0.60 0.45 0.58
0.60 0.56 0.24
0.67 0.68 0.17
0.35 0.58 0.00
0.51 0.70 0.59
0.69 0.51 0.13
0.60 0.46 0.60
0.56 0.52 0.61
0.49 0.88 0.38
0.90 0.26 0.49
0.62 0.33 0.39
0.70 0.33 0.39
0.48 0.27 0.41
0.74 0.18 0.68
0.57 0.19 0.22
0.47 0.57 0.52
0.53 0.45 0.44
0.51 0.61 0.35
0.53 0.53 0.46
0.54 0.42 0.55
0.67 0.67 0.60
0.92 0.45 0.04
0.62 0.63 0.55
0.77 0.67 0.21
0.48 0.26 0.31
0.24 0.91 0.59
0.41 0.83 0.46
0.20 0.45 0.52
0.26 0.50 0.68
0.79 0.42 0.52
0.75 0.59 0.57
0.57 0.60 0.57
0.61 0.59 0.54
0.47 0.36 0.30
0.59 0.49 0.23
0.78 0.48 0.27
0.37 0.47 0.32
0.69 0.66 0.55
0.57 0.52 0.48
0.52 0.66 0.17
0.70 0.64 0.49
0.50 0.58 0.58
0.46 0.88 0.20
0.60 0.58 0.31
0.50 0.83 0.72
0.61 0.27 0.66
0.69 0.45 0.07
0.59 0.35 0.36
0.62 0.44 0.49
0.64 0.37 0.38
0.81 0.61 0.74
0.73 0.63 0.54
0.71 0.46 0.72
0.69 0.62 0.33
0.55 0.61 0.70
0.59 0.60 0.65
0.43 0.47 0.46
0.64 0.49 0.47
0.67 0.81 0.26
0.36 0.55 0.68
0.66 0.91 0.59
0.38 0.38 0.56
0.64 0.28 0.67
0.67 0.43 0.36
0.59 0.62 0.18
0.57 0.51 0.18
0.68 0.63 0.04
0.73 0.46 0.42
0.53 0.29 0.60
0.68 0.48 0.46
0.55 0.48 0.66
0.68 0.62 0.41
0.56 0.85 0.83
0.65 0.47 0.38
0.67 0.55 0.89
0.54 0.73 0.72
0.39 0.55 0.38
0.40 0.28 0.51
0.84 0.42 0.46
0.39 0.54 0.18
0.76 0.40 0.57
0.81 0.55 0.30
0.63 0.64 0.44
0.71 0.35 0.56
0.35 0.70 0.61
0.88 0.64 0.63
0.77 0.51 0.35
0.66 0.42 0.13
0.66 0.27 0.57
0.61 0.30 0.44
0.74 0.40 0.28
0.59 0.22 0.55
0.47 0.44 0.37
0.64 0.52 0.51
0.67 0.39 0.11
0.86 0.49 0.79
0.59 0.42 0.30
0.74 0.44 0.50
0.60 0.70 0.62
0.62 0.43 0.42
0.44 0.32 0.41
0.39 0.39 0.34
0.35 0.62 0.37
0.58 0.71 0.49
0.90 0.36 0.41
0.66 0.58 0.63
0.63 0.33 0.38
0.72 0.59 0.44
0.33 0.39 0.51
0.50 0.54 0.81
0.55 0.43 0.28
0.77 0.63 0.52
0.73 0.47 0.15
0.85 0.65 0.50
0.88 0.30 0.29
0.63 0.54 0.76
0.55 0.59 0.69
0.73 0.42 0.30
0.28 0.57 0.39
0.50 0.34 0.61
0.71 0.41 0.66
0.37 0.98 0.33
0.46 0.36 0.24
0.69 0.31 0.55
0.55 0.62 0.63
0.70 0.31 0.22
0.57 0.32 0.33
0.48 0.41 0.46
0.73 0.27 0.58
0.40 0.38 0.62
0.49 0.65 0.43
0.67 0.45 0.55
0.55 0.66 0.61
0.49 0.55 0.65
0.62 0.91 0.39
0.67 0.26 0.47
0.46 0.56 0.27
0.76 0.63 0.49
0.69 0.55 0.58
0.81 0.51 0.60
0.52 0.37 0.19
0.60 0.56 0.81
0.65 0.35 0.63
0.56 0.45 0.48
0.63 0.52 0.31
0.54 0.52 0.48
0.73 0.80 0.42
0.37 0.74 0.37
0.53 0.61 0.55
0.47 0.55 0.50
1.00 0.27 0.52
0.92 0.71 0.42
0.71 0.50 0.45
0.81 0.27 0.40
0.80 0.22 0.41
0.56 0.81 0.49
0.50 0.73 0.06
0.74 0.31 0.67
0.44 0.53 0.42
0.56 0.70 0.44
0.67 0.39 0.54
0.52 0.57 0.34
0.77 0.86 0.22
0.79 0.50 0.68
0.73 0.77 0.45
0.52 0.30 0.22
0.66 0.58 0.46
0.62 0.21 0.33
0.58 0.68 0.06
0.86 0.67 0.32
0.57 0.70 0.58
0.70 0.57 0.31
0.67 0.41 0.06
0.71 0.40 0.42
0.54 0.86 0.78
0.70 0.48 0.63
0.42 0.49 0.53
0.61 0.55 0.59
0.68 0.53 0.47
0.76 0.53 0.30
0.66 0.27 0.51
0.57 0.29 0.31
0.48 0.45 0.39
0.44 0.64 0.25
0.77 0.63 0.56
0.77 0.57 0.35
0.42 0.32 0.50
0.43 0.68 0.32
0.67 0.87 0.42
0.99 0.64 0.55
0.60 0.75 0.38
0.31 0.64 0.69
0.83 0.39 0.50
0.67 0.10 0.65
0.57 0.61 0.46
0.53 0.42 0.46
0.73 0.43 0.66
0.72 0.53 0.51
0.37 0.52 0.43
0.57 0.56 0.30
0.55 0.49 0.33
0.40 0.82 0.40
0.70 0.27 0.38
0.85 0.37 0.26
0.51 0.47 0.45
0.65 0.62 0.16
0.77 0.47 0.69
0.83 0.80 0.41
0.83 0.71 0.48
0.78 0.39 0.38
0.63 0.47 0.27
0.40 0.56 0.34
0.53 0.37 0.35
0.78 0.49 0.34
0.86 0.48 0.32
0.47 0.51 0.68
0.33 0.52 1.00
0.28 0.80 0.31
0.50 0.46 0.59
0.54 0.65 0.75
0.59 0.40 0.48
0.60 0.55 0.45
0.61 0.28 0.61
0.55 0.46 0.59
0.63 0.43 0.74
0.76 0.79 0.52
0.63 0.52 0.50
0.72 0.52 0.54
0.95 0.58 0.32
0.51 0.57 0.46
0.66 0.35 0.39
0.56 0.36 0.88
0.63 0.39 0.39
0.67 0.47 0.43
0.64 0.73 0.69
0.48 0.57 0.19
0.54 0.51 0.61
0.78 0.56 0.43
0.55 0.24 0.48
0.73 0.40 0.77
0.66 0.47 0.67
0.93 0.57 0.59
0.73 0.77 0.83
0.54 0.74 0.58
0.61 0.39 0.50
0.51 0.38 0.41
0.56 0.20 0.39
0.62 0.90 0.53
0.68 0.70 0.52
0.53 0.61 0.46
0.65 0.51 0.54
0.56 0.41 0.32
0.60 0.40 0.29
0.71 0.31 0.54
0.73 0.42 0.90
0.00 0.45 0.36
0.68 0.80 0.28
0.78 0.53 0.75
0.49 0.34 0.41
0.71 0.37 0.19
0.79 0.33 0.31
0.63 0.67 0.67
0.53 0.42 0.32
0.36 0.69 0.72
0.69 0.44 0.56
0.62 0.57 0.37
0.27 0.29 0.52
0.50 0.44 0.19
0.19 0.54 0.38
0.76 0.58 0.51
0.67 0.32 0.57
0.85 0.64 0.14
0.72 0.00 0.31
0.74 0.50 0.47
0.33 0.52 0.24
0.63 0.39 0.70
0.56 0.68 0.19
0.60 0.43 0.68
0.24 0.58 0.54
0.58 0.41 0.80
0.66 0.25 0.69
0.74 0.69 0.37
0.74 0.43 0.46
0.62 0.44 0.67
0.61 0.42 0.44
0.57 0.45 0.21
0.65 0.45 0.75
0.36 0.53 0.47
0.73 0.70 0.46
0.44 0.45 0.69
0.60 0.43 0.70
0.58 0.64 0.44
0.51 0.70 0.39
0.40 0.71 0.46
0.50 0.76 0.40
0.58 0.55 0.28
0.65 0.73 0.80
0.58 0.47 0.32
0.55 0.34 0.49
0.37 0.73 0.51
0.73 0.30 0.27
0.44 0.33 0.75
0.87 0.44 0.55
0.35 0.42 0.27
0.70 0.39 0.45
0.55 0.53 0.44
0.64 0.29 0.70
0.61 0.53 0.50
0.68 0.39 0.43
0.34 0.49 0.44
0.66 0.58 0.68
1.00 0.32 0.56
0.55 0.37 0.53
0.53 0.24 0.73
0.54 0.44 0.21
0.50 0.49 0.50
0.49 0.29 0.53
0.68 0.28 0.52
0.64 0.52 0.25
0.97 0.60 0.75
0.47 0.31 0.38
0.81 0.59 0.71
0.65 0.75 0.31
0.63 0.62 0.64
0.49 0.40 0.47
0.51 0.59 0.44
0.76 0.64 0.52
0.35 0.59 0.42
0.66 0.28 0.46
0.95 0.60 0.23
0.55 0.51 0.68
0.00 0.32 0.59
0.57 0.55 0.58
0.85 0.36 0.37
0.67 0.28 0.31
0.90 0.43 0.32
0.72 0.28 0.46
0.30 0.45 0.18
0.65 0.49 0.50
0.21 0.68 0.40
0.43 0.21 0.50
0.31 0.50 0.68
0.17 0.55 0.84
0.51 0.50 0.51
0.60 0.60 0.45
0.66 0.28 0.38
0.31 0.45 0.66
0.70 0.24 0.60
0.54 0.63 0.55
0.92 0.29 0.36
0.61 0.66 0.67
0.69 0.67 0.76
0.25 0.49 0.49
0.43 0.61 0.52
0.63 0.51 0.81
0.60 0.56 0.11
0.76 0.37 0.42
0.71 0.84 0.75
0.57 0.34 0.28
0.37 0.42 0.42
0.71 0.68 0.58
0.46 0.37 0.61
0.71 0.73 0.49
0.53 0.30 0.48
0.65 0.46 0.21
0.58 0.52 0.43
0.72 0.46 0.41
0.51 0.51 0.43
0.62 0.24 0.75
0.06 0.62 0.36
0.95 0.63 0.43
0.60 0.55 0.31
0.63 0.13 0.58
0.43 0.49 0.69
0.42 0.77 0.42
0.48 0.33 0.47
0.63 0.69 0.43
0.43 0.56 0.27
0.61 0.34 0.62
0.72 0.54 0.71
0.51 0.69 0.63
0.58 0.34 0.42
0.40 0.46 0.77
0.20 0.39 0.73
0.40 0.46 0.54
0.41 0.26 0.66
0.46 0.22 0.40
0.33 0.57 0.74
0.16 0.92 0.44
0.52 0.54 0.38
0.72 0.57 0.61
0.78 0.40 0.86
0.50 0.39 0.38
0.94 0.37 0.07
0.57 0.23 0.62
0.48 0.51 0.53
0.55 0.33 0.46
0.45 0.70 0.68
0.61 0.63 0.54
0.80 0.61 0.49
0.43 0.23 0.68
0.57 0.37 0.68
0.52 0.47 0.21
0.37 0.47 0.28
0.74 0.16 0.60
0.42 0.82 0.61
0.46 0.75 0.27
0.53 0.44 0.49
0.62 0.67 0.46
0.52 0.42 0.72
0.74 0.40 0.56
0.26 0.26 0.87
0.58 0.37 0.55
0.82 0.37 0.26
0.43 0.25 0.38
0.80 0.45 0.23
0.60 0.53 0.18
0.43 0.58 0.74
0.65 0.58 0.30
0.58 0.68 0.02
0.65 0.45 0.11
0.60 0.31 0.43
0.60 0.66 0.55
0.62 0.50 0.46
0.51 0.43 0.49
0.92 0.60 0.49
0.46 0.61 0.48
0.36 0.49 0.38
0.42 0.41 0.46
0.66 0.45 0.46
0.87 0.34 0.63
0.46 0.73 0.22
0.50 0.66 0.43
0.53 0.48 0.49
0.56 0.52 0.57
0.32 0.47 0.32
0.25 0.41 0.46
0.55 0.48 0.59
0.55 0.42 0.59
0.68 0.52 0.49
0.70 0.58 0.53
0.80 0.55 0.32
0.13 0.63 0.55
0.63 0.57 0.57
0.65 0.59 0.36
0.46 0.36 0.35
0.81 0.44 0.52
0.60 0.41 0.62
0.75 0.66 0.11
0.96 0.36 0.72
0.55 0.40 0.26
0.81 0.20 0.40
0.32 0.42 0.51
0.36 0.58 0.69
0.38 0.68 0.49
0.49 0.76 0.52
0.52 0.97 0.29
0.72 0.43 0.50
0.63 0.53 0.82
0.63 0.45 0.59
0.54 0.46 1.00
0.80 0.31 0.52
0.00 0.49 0.41
0.69 0.39 0.34
0.81 0.40 0.66
0.31 0.70 0.45
0.59 0.47 0.46
0.46 0.34 0.69
0.33 0.53 0.43
0.79 0.22 0.56
0.63 0.85 0.47
0.51 0.34 0.38
0.55 0.49 0.59
0.32 0.30 0.72
0.47 0.50 0.63
0.27 0.38 0.56
0.85 0.68 0.20
0.42 0.59 0.93
0.64 0.68 0.56
0.62 0.32 0.35
0.94 0.41 0.62
0.65 0.37 0.29
0.34 0.61 0.48
0.51 0.63 0.40
0.18 0.70 0.35
0.85 0.48 0.71
0.27 0.27 0.48
0.41 0.20 0.78
0.59 0.32 0.57
0.62 0.65 0.83
0.48 0.44 0.79
0.92 0.41 0.43
0.67 0.53 0.40
0.63 0.66 0.66
0.40 0.47 0.69
0.04 0.66 0.40
0.15 0.59 0.28
0.16 0.63 0.41
0.57 0.46 0.68
0.53 0.44 0.44
0.28 0.60 0.45
0.24 0.57 0.40
0.17 0.39 0.32
0.24 0.58 0.52
0.39 0.45 0.71
0.73 0.45 0.48
0.55 0.70 0.45
0.47 0.26 0.53
0.36 0.66 0.50
0.40 0.15 0.44
0.21 0.55 0.36
0.54 0.30 0.55
0.34 0.46 0.75
0.54 0.62 0.60
0.38 0.53 0.36
0.46 0.32 0.37
0.45 0.42 0.66
0.65 0.59 0.60
0.45 0.24 0.48
0.28 0.67 0.38
0.68 0.66 0.51
0.76 0.50 0.68
0.33 0.19 0.60
0.55 0.62 0.44
0.45 0.20 0.51
0.50 0.37 0.17
0.34 0.08 0.24
0.61 0.45 0.73
0.72 0.43 0.38
0.13 0.43 0.65
0.62 0.62 0.25
0.40 0.37 0.61
0.27 0.39 0.12
0.36 0.65 0.55
0.19 0.53 0.76
0.40 0.36 0.28
0.64 0.48 0.17
0.50 0.49 0.31
0.59 0.38 0.45
0.34 0.30 0.50
0.44 0.57 0.30
0.81 0.44 0.14
0.33 0.57 0.26
0.29 0.76 0.46
0.66 0.34 0.21
0.60 0.49 0.65
0.46 0.44 0.50
0.06 0.33 0.54
0.60 0.75 0.46
0.56 0.51 0.49
0.76 0.27 0.47
0.42 0.73 0.37
0.69 0.67 0.74
0.73 0.00 0.57
0.05 0.44 0.91
0.53 0.53 0.53
0.36 0.37 0.26
0.70 0.57 0.63
0.28 0.45 0.75
0.52 0.79 0.29
0.39 0.67 0.66
0.18 1.00 0.32
0.57 0.62 0.58
0.47 0.51 0.51
0.69 0.38 0.36
0.72 0.00 0.45
0.50 0.05 0.65
0.00 0.10 0.63
0.43 0.52 0.74
0.49 0.43 0.67
0.73 0.70 0.17
0.26 0.25 0.54
0.37 0.63 0.37
0.41 0.46 0.45
0.43 0.43 0.67
0.33 0.34 0.30
0.42 0.51 0.50
0.15 0.32 0.55
0.48 0.60 0.53
0.58 0.43 0.65
0.51 0.52 0.08
0.48 0.33 0.64
0.82 0.22 0.45
0.47 0.54 0.54
0.31 0.46 0.10
0.62 0.79 0.98
0.33 0.25 0.27
0.60 0.47 0.71
0.45 0.44 0.50
0.43 0.60 0.67
0.03 0.59 0.32
0.65 0.53 0.42
0.52 0.42 0.75
0.55 0.56 0.33
0.57 0.58 0.38
0.38 0.25 0.34
0.43 0.83 0.42
0.50 0.30 0.29
0.28 0.46 0.42
0.35 0.76 0.30
0.65 0.53 0.68
0.22 0.61 0.79
0.18 0.51 0.66
0.70 0.35 0.45
0.63 0.13 0.37
0.69 0.33 0.55
0.42 0.57 0.86
0.71 0.52 0.33
0.83 0.49 0.55
0.58 0.04 0.62
0.73 0.76 0.21
0.42 0.72 0.46
0.46 0.68 0.87
0.56 0.61 0.52
0.78 0.00 0.70
0.57 0.56 0.38
1.00 0.15 0.48
0.37 0.41 0.38
0.25 0.00 0.38
0.70 0.46 0.48
0.36 0.09 0.25
0.35 0.42 0.47
0.35 0.54 0.59
0.31 0.52 0.35
0.09 0.67 0.32
0.54 0.25 0.50
0.45 0.25 0.53
0.33 0.51 0.78
0.56 0.19 0.28
0.09 0.49 0.34
0.85 0.76 0.49
0.75 0.54 0.69
0.43 0.33 0.54
0.58 0.60 0.22
0.84 1.00 0.86
0.66 0.54 0.61
0.53 0.69 0.25
0.80 0.42 0.54
0.42 0.54 0.54
1.00 0.53 0.44
0.57 0.16 0.98
0.56 0.23 0.66
0.50 0.81 0.42
0.58 0.82 0.43
0.13 0.52 0.17
0.59 0.05 0.62
0.60 0.80 0.54
0.63 0.71 0.53
0.66 0.38 0.13
0.52 0.59 0.74
0.36 0.73 0.42
0.70 0.86 1.00
0.22 0.49 0.69
0.17 0.93 0.79
0.50 0.55 1.00
0.04 0.90 0.68
0.51 0.53 0.85
0.58 0.76 0.89
0.42 0.15 0.95
0.38 0.70 0.53
0.64 0.38 0.74
0.80 0.64 0.49
0.73 0.13 0.06
0.29 0.97 0.00
0.37 0.98 0.31
0.15 0.52 0.54
0.59 0.28 0.90
0.52 0.63 0.26
0.61 0.65 0.54
0.39 0.16 0.24
0.92 0.71 0.77
0.41 0.74 0.60
0.85 0.58 0.76
0.73 0.20 0.26
0.33 0.19 0.69
0.44 0.43 0.79
0.76 0.44 0.77
0.34 0.79 0.41
0.82 0.63 0.66
0.35 0.61 0.76
0.40 0.66 0.32
0.47 1.00 1.00
0.46 0.84 0.99
0.59 0.35 0.18
0.29 0.28 0.65
0.52 0.51 0.57
0.98 0.00 0.70
0.30 0.08 0.45
0.96 0.92 1.00
0.79 0.65 0.57
0.32 0.72 0.57
1.00 0.48 0.39
1.00 0.10 0.80
0.43 0.47 0.63
0.43 0.40 0.77
0.56 0.36 0.78
0.54 0.44 0.57
0.22 0.45 0.82
0.21 1.00 0.72
0.31 0.58 0.00
0.31 0.70 0.42
0.31 0.07 0.42
0.31 0.51 0.73
0.41 0.00 0.00
0.87 0.35 0.80
0.40 1.00 0.79
0.52 0.72 0.99
0.97 0.56 0.77
0.75 0.00 0.00
0.56 0.27 0.00
0.00 1.00 0.00
1.00 0.11 0.00
