0.32 0.66
0.24 0.22
0.18 0.66
0.51 0.41
0.60 0.41
0.47 0.58
0.43 0.87
0.57 0.18
0.45 0.50
0.50 0.22
0.47 0.68
0.69 0.52
0.15 0.52
0.43 0.44
0.35 0.65
0.70 0.54
0.55 0.55
0.49 0.44
0.35 0.23
0.23 0.72
0.58 0.62
0.73 0.80
0.13 0.73
0.72 0.35
0.61 0.49
0.26 0.63
0.49 0.38
0.69 0.67
0.35 0.70
0.27 0.63
0.42 0.70
0.36 0.43
0.20 1.00
0.63 0.67
0.29 0.39
0.61 0.80
0.41 0.21
0.20 0.99
0.51 0.69
0.53 0.35
0.67 0.65
0.65 0.72
0.46 0.47
0.56 0.78
0.82 0.67
0.62 1.00
0.33 0.49
0.67 0.76
0.70 0.20
0.00 0.86
0.09 0.81
0.30 0.84
0.47 0.68
0.28 0.51
1.00 0.30
0.21 1.00
0.52 0.84
0.13 0.49
0.40 0.64
0.14 0.66
0.40 0.57
0.52 0.57
0.39 0.55
0.56 0.92
0.16 0.73
0.34 0.60
0.28 0.69
0.34 0.08
0.39 0.56
0.16 0.32
0.89 0.00
0.39 0.59
0.41 0.55
0.44 0.53
0.54 0.72
0.42 0.64
0.44 0.70
0.52 0.53
0.47 0.98
0.37 0.64
0.34 0.82
0.33 0.59
0.84 0.64
0.57 0.58
0.83 0.69
0.35 0.47
0.53 0.00
0.16 0.54
0.31 1.00
0.35 0.00
0.22 0.07
1.00 0.76
0.20 0.93
1.00 0.69
0.68 0.54
0.71 0.12
0.94 0.00
0.00 1.00
0.00 0.90
0.68 0.87
