0.00 0.62 0.19
0.51 0.58 0.40
0.21 0.77 0.77
0.27 0.43 0.44
0.10 0.25 0.48
0.33 0.32 0.38
0.32 0.54 0.63
0.30 0.54 0.83
0.81 0.48 0.60
0.00 0.81 0.55
0.65 0.40 0.29
0.30 0.75 0.76
0.73 0.64 1.00
0.16 0.91 0.66
0.15 0.68 0.75
0.40 0.32 0.59
0.50 0.62 0.78
0.27 0.77 0.47
0.56 0.17 0.61
0.31 0.45 0.39
0.41 0.65 0.67
0.73 0.19 0.57
0.20 0.83 0.86
0.35 0.45 0.30
0.35 0.75 0.26
0.85 0.97 0.69
0.53 0.61 0.44
0.17 0.85 0.85
0.72 0.53 0.96
0.14 0.29 0.47
0.68 1.00 0.85
0.85 0.75 0.63
0.32 0.57 0.49
0.42 0.53 0.35
0.53 0.84 0.86
0.06 1.00 0.87
0.33 0.18 0.40
0.26 0.79 0.61
0.13 0.40 0.55
0.38 0.11 0.43
0.50 0.41 0.28
0.42 0.22 0.18
0.36 0.56 0.59
0.57 0.35 0.10
0.50 0.66 0.92
0.48 0.47 0.62
0.37 0.43 0.71
0.47 0.48 0.93
0.42 0.86 0.18
0.84 0.58 0.84
0.23 0.75 0.00
0.61 0.42 0.46
0.51 0.80 0.42
0.17 0.67 0.92
0.53 0.59 0.94
0.29 0.64 0.81
0.49 0.60 0.34
0.39 0.68 0.66
0.49 0.28 0.42
0.72 0.81 0.66
0.69 0.64 0.62
0.48 0.00 0.33
0.66 0.38 0.18
0.45 0.59 0.31
0.37 0.19 0.40
0.68 1.00 0.11
0.22 0.93 0.60
0.61 0.43 0.65
0.42 0.53 0.95
0.41 0.42 0.57
0.46 0.81 0.54
0.13 0.90 0.66
0.15 0.67 0.27
0.87 0.79 0.90
0.62 0.49 0.90
0.62 0.66 0.13
0.69 0.54 0.62
0.67 0.47 0.47
0.71 0.81 0.11
0.31 1.00 0.55
0.30 0.40 0.80
0.47 0.31 0.75
0.70 1.00 0.54
0.38 0.73 0.55
0.51 0.65 0.40
0.46 0.45 0.21
0.63 0.75 0.53
0.49 0.23 0.86
0.36 0.63 0.66
0.49 0.84 0.81
1.00 0.87 1.00
0.81 0.65 0.95
0.45 0.56 0.76
1.00 0.94 0.46
0.30 0.00 0.23
0.47 0.97 0.44
0.54 0.00 1.00
0.51 0.63 0.88
0.43 0.51 0.00
0.00 0.74 0.00
