0.41 0.58 0.57 0.34
0.19 0.47 0.50 0.74
0.42 0.68 0.30 0.68
0.48 0.36 0.46 0.46
0.23 0.42 0.24 0.42
0.66 0.39 0.20 0.00
0.08 0.81 0.85 0.27
0.36 1.00 0.49 0.40
0.10 0.26 0.80 0.54
0.63 0.81 0.86 0.42
0.24 0.38 0.40 0.78
0.58 0.50 0.41 0.00
0.30 0.53 0.53 0.55
0.39 0.21 0.34 0.33
0.55 0.82 0.61 0.56
0.35 0.87 0.51 0.57
0.38 0.88 0.09 0.17
0.59 0.55 0.68 0.34
0.39 0.00 0.39 0.61
0.67 0.66 0.54 0.43
0.58 0.63 0.44 0.59
0.31 0.49 0.60 0.47
0.34 0.48 0.27 0.36
0.16 0.15 0.54 0.45
0.43 0.58 0.41 0.44
0.41 0.17 0.18 0.84
0.37 0.46 0.16 0.60
0.16 0.71 0.56 0.67
0.08 0.37 0.45 0.29
0.46 0.32 0.27 0.73
0.41 0.43 0.20 0.85
0.38 0.51 0.67 0.69
0.62 0.41 0.44 0.61
0.21 0.64 0.46 0.91
0.06 0.63 0.12 0.44
0.21 0.01 0.61 0.66
0.53 0.43 0.67 0.56
0.12 0.14 0.48 0.72
0.53 0.70 0.33 0.46
0.01 0.77 0.35 0.96
0.64 0.27 0.33 0.50
0.52 0.51 0.59 0.33
0.66 0.44 0.56 0.42
0.65 0.68 0.77 0.65
0.57 0.49 0.20 0.37
0.11 0.52 0.52 0.23
0.35 0.43 0.64 0.66
0.39 0.20 0.47 0.48
0.74 0.52 0.31 0.54
0.32 0.40 0.36 0.52
0.48 0.37 0.45 0.39
0.20 0.58 0.33 0.26
0.17 0.98 0.49 1.00
1.00 0.56 0.41 0.38
0.04 0.40 1.00 0.21
0.65 0.67 0.97 0.29
0.49 0.76 0.97 0.51
0.59 0.07 0.70 0.44
0.72 0.26 1.00 0.24
0.82 0.61 0.73 0.00
0.64 0.97 0.53 0.42
0.78 0.44 0.72 0.52
0.68 0.60 0.74 0.57
0.60 0.88 0.69 0.91
0.27 0.55 0.69 0.49
0.25 0.58 1.00 0.83
0.53 0.54 0.58 0.38
0.37 0.34 0.72 1.00
0.43 0.56 1.00 0.28
0.67 0.39 0.75 1.00
0.23 0.71 0.44 0.98
0.82 0.28 0.00 0.25
0.45 0.40 0.72 0.65
0.49 0.37 0.95 0.42
0.52 0.64 0.80 0.60
0.13 0.83 0.36 0.66
0.30 0.12 0.53 0.35
0.28 0.28 0.35 0.38
0.49 0.43 0.58 0.55
0.66 0.34 0.45 1.00
0.25 0.28 0.28 0.59
0.39 0.64 0.86 0.48
0.33 0.24 0.35 0.32
0.56 0.32 0.13 0.70
0.64 0.00 0.29 0.71
0.88 0.32 0.21 0.00
0.00 1.00 0.61 0.39
1.00 0.00 0.41 0.75
0.92 0.28 0.76 0.79
0.01 0.00 0.88 0.96
0.72 0.52 0.95 1.00
0.51 0.31 1.00 0.66
0.89 0.35 0.08 0.06
0.48 1.00 0.51 0.36
1.00 0.87 1.00 0.76
0.69 0.85 0.43 0.80
0.11 0.00 0.00 0.40
0.77 0.00 0.00 0.70
0.00 0.00 0.09 0.00
1.00 0.64 0.03 0.00
