0.27 0.93 0.66 0.56 0.71
0.52 0.46 0.32 0.86 0.93
0.59 0.48 0.30 0.48 0.47
0.51 0.50 0.68 0.65 0.68
0.42 0.58 0.34 0.66 0.72
0.54 0.29 0.59 1.00 0.35
0.57 0.26 0.45 0.69 0.54
0.73 0.81 0.50 0.83 0.72
0.25 0.66 0.18 0.45 0.30
0.33 0.36 0.45 0.64 0.66
1.00 0.38 0.56 0.66 0.88
0.95 0.28 0.17 0.41 0.36
0.43 0.27 0.65 0.15 0.12
0.33 0.75 0.62 1.00 0.49
0.50 0.52 0.37 0.67 0.79
0.79 0.00 0.69 0.61 0.37
0.37 0.32 0.52 0.40 0.50
0.50 0.83 0.29 0.29 0.19
0.67 0.41 0.37 0.53 0.47
0.42 0.83 0.35 0.73 0.30
0.17 0.46 0.36 0.48 0.83
0.35 0.32 0.39 0.66 0.72
0.94 0.16 0.72 0.56 0.67
0.00 0.48 0.37 0.58 0.73
0.43 0.48 0.64 0.50 0.68
0.37 0.65 0.28 0.32 0.34
0.49 0.35 0.91 0.89 0.32
0.77 0.41 0.64 0.67 0.56
0.64 0.73 0.25 0.54 0.31
0.70 0.51 0.58 0.73 0.79
0.75 0.75 0.39 0.67 0.00
0.88 0.71 1.00 0.44 0.60
0.23 0.52 0.16 0.13 0.79
0.65 0.41 0.48 0.58 0.69
0.01 1.00 0.45 0.61 0.55
0.38 0.75 0.41 1.00 0.27
0.39 0.43 0.35 0.47 0.42
0.67 0.51 0.48 0.60 0.88
0.26 0.48 0.50 0.41 0.69
0.40 0.31 1.00 0.70 0.29
0.62 0.40 0.93 0.47 1.00
0.40 0.89 0.50 0.69 0.06
0.54 0.50 0.99 0.69 0.35
0.74 0.49 0.66 0.73 0.77
0.62 0.04 0.60 1.00 0.92
0.54 0.00 0.26 0.73 0.38
0.48 0.36 0.88 0.70 0.16
0.30 0.56 0.49 0.66 0.30
0.65 0.45 0.76 0.57 0.05
0.83 0.58 0.41 0.48 0.23
0.40 0.24 0.59 0.31 0.52
0.48 0.45 0.73 0.37 0.41
0.55 0.25 0.69 0.92 0.00
0.24 0.37 0.84 0.57 0.78
0.70 0.42 0.68 0.38 0.10
0.52 0.72 0.78 0.64 0.20
0.44 0.61 0.00 1.00 0.09
0.52 0.54 0.48 0.02 0.25
0.58 0.67 0.48 0.28 0.42
0.35 0.13 0.67 0.00 0.40
0.82 0.55 0.72 0.08 0.25
0.04 0.08 0.38 0.94 0.59
0.84 0.66 0.00 0.49 0.64
0.39 0.11 0.18 0.00 0.18
0.73 0.15 0.78 0.41 0.50
0.70 0.29 0.72 0.24 0.26
0.93 1.00 0.59 0.61 0.00
0.83 0.68 0.00 0.38 0.81
0.74 0.49 0.77 0.36 0.92
0.44 0.51 0.71 0.59 0.22
0.67 0.56 0.09 0.78 0.39
0.54 0.66 0.79 0.66 0.52
0.48 0.81 0.55 0.80 0.87
0.55 0.69 0.66 0.25 0.39
0.65 0.66 0.14 0.31 0.63
0.63 0.69 0.49 0.81 0.57
0.56 0.18 0.00 0.05 0.86
0.75 0.81 0.55 0.73 0.43
0.78 0.03 0.47 0.74 0.39
0.55 1.00 0.23 0.75 0.14
0.42 0.00 0.60 0.83 0.20
0.17 0.85 0.52 0.90 0.51
0.61 1.00 0.80 0.52 0.25
0.33 0.29 0.27 1.00 0.70
0.62 0.00 0.79 0.59 0.30
0.11 0.57 0.45 0.01 0.62
0.23 1.00 0.45 0.05 1.00
1.00 0.97 0.12 0.25 0.12
0.13 0.12 0.42 0.56 1.00
0.51 0.41 0.44 0.63 0.40
0.81 0.52 0.00 0.98 0.53
0.08 0.60 0.31 0.77 0.00
0.00 0.25 0.46 0.85 0.90
0.16 0.00 0.17 0.79 0.78
0.55 0.46 0.17 0.00 0.00
0.35 0.00 1.00 1.00 0.30
0.00 0.00 1.00 1.00 0.89
0.00 0.00 0.19 0.67 1.00
0.42 0.52 0.00 0.44 0.00
1.00 0.60 0.00 0.00 1.00
