0.51 0.57 0.59 0.77 0.79
0.77 0.32 0.67 0.22 0.65
0.46 0.55 0.53 0.50 0.49
0.44 0.41 0.25 0.62 0.50
0.30 0.67 0.36 0.71 0.46
0.35 0.41 0.54 0.50 0.71
0.68 0.33 0.48 0.51 0.30
0.57 0.35 0.68 0.69 0.65
0.80 0.55 0.57 0.17 0.76
0.57 0.29 0.39 0.38 0.70
0.34 0.70 0.50 0.57 0.56
0.55 0.57 0.47 0.45 0.40
0.42 0.13 0.34 0.56 0.62
0.57 0.66 0.29 0.30 0.78
0.51 0.50 0.63 0.36 0.44
0.55 0.50 0.50 0.62 0.41
0.74 0.48 0.75 0.36 0.66
0.71 0.33 0.47 0.32 0.51
0.57 0.56 0.20 0.47 0.67
0.50 0.54 0.78 0.57 0.76
0.38 0.31 0.51 0.40 0.23
0.48 0.64 0.93 0.64 0.66
0.64 0.65 0.38 0.44 0.63
0.60 0.35 0.40 0.63 0.60
0.88 0.48 0.65 0.55 0.60
0.86 0.27 0.39 0.71 0.42
0.46 0.56 0.31 0.27 0.39
0.62 0.20 0.51 0.66 0.71
0.78 0.39 0.30 0.24 0.67
0.63 0.50 0.54 0.29 0.53
0.48 0.62 0.53 0.44 0.83
0.53 0.30 0.38 0.34 0.65
0.64 0.05 0.54 0.54 0.38
0.46 0.77 0.58 0.64 0.48
0.58 0.51 0.49 0.27 0.49
0.37 0.59 0.22 0.42 0.52
0.42 0.57 0.52 0.56 0.71
0.31 0.55 0.70 0.43 0.82
0.50 0.64 0.51 0.60 0.80
0.52 0.52 0.66 0.31 0.60
0.27 0.44 0.81 0.72 0.67
0.42 0.53 0.55 0.32 0.44
0.48 0.60 0.54 0.73 0.66
0.65 0.38 0.50 0.57 0.53
0.58 0.35 0.69 0.30 0.75
0.88 0.30 0.72 0.61 0.66
0.53 0.67 0.53 0.42 0.26
0.35 0.65 0.73 0.29 0.56
0.46 0.66 0.36 0.85 0.52
0.56 0.64 0.23 0.29 0.47
0.63 0.62 0.56 0.68 0.54
0.49 0.32 0.36 0.29 0.45
0.59 0.37 0.43 0.45 0.64
0.34 0.54 0.41 0.38 0.56
0.12 0.46 0.67 0.29 0.57
0.77 0.46 0.46 0.82 0.71
0.35 0.71 0.72 0.28 0.44
0.85 0.55 0.45 0.42 0.40
0.49 0.29 0.76 0.45 0.62
0.63 0.45 0.66 0.30 0.73
0.85 0.52 0.42 0.32 0.49
0.18 0.52 0.53 0.39 0.44
0.55 0.19 0.51 0.44 0.69
0.50 0.47 0.33 0.20 0.54
0.31 0.51 0.74 0.74 0.56
0.52 0.50 0.70 0.47 0.92
0.50 0.49 0.64 0.44 0.59
0.51 0.47 0.46 0.64 0.41
0.63 0.65 0.40 0.52 0.49
0.59 0.48 0.44 0.83 0.75
0.35 0.50 0.46 0.48 0.35
0.54 0.66 0.63 0.41 0.64
0.55 0.48 0.41 0.53 0.47
0.75 0.41 0.25 0.53 0.62
0.62 0.37 0.48 0.36 0.73
0.52 0.66 0.57 0.44 0.43
0.38 0.33 0.75 0.73 0.65
0.60 0.62 0.52 0.58 0.58
0.44 0.49 0.70 0.33 0.45
0.44 0.37 0.52 0.34 0.70
0.62 0.74 0.54 0.41 0.48
0.55 0.61 0.38 0.35 0.63
0.33 0.38 0.73 0.35 0.53
0.19 0.59 0.58 0.91 0.63
0.65 0.44 0.72 0.83 0.57
0.48 0.45 0.31 0.45 0.61
0.55 0.38 0.25 0.35 0.75
0.44 0.29 0.87 0.37 0.57
0.75 0.64 0.31 0.74 0.47
0.60 0.37 0.54 0.59 0.61
0.39 0.50 0.57 0.43 0.69
0.61 0.53 0.54 0.70 0.57
0.49 0.37 0.58 0.42 0.55
0.52 0.46 0.83 0.46 0.76
0.35 0.51 0.54 0.41 0.73
0.30 0.38 0.66 0.65 0.39
0.34 0.57 0.51 0.53 0.56
0.32 0.39 0.57 0.24 0.63
0.39 0.71 0.49 0.34 0.36
0.36 0.48 0.73 0.43 0.62
0.60 0.33 0.62 0.35 0.68
0.45 0.60 0.49 0.42 0.66
0.36 0.36 0.49 0.51 0.63
0.46 0.45 0.55 0.63 0.61
0.52 0.36 0.49 0.69 0.60
0.71 0.57 0.16 0.28 0.48
0.52 0.75 0.82 0.52 0.54
0.42 0.65 0.60 0.71 0.69
0.41 0.57 0.59 0.35 0.49
0.61 0.81 0.45 0.46 0.42
0.74 0.39 0.60 0.45 0.31
0.67 0.04 0.41 0.50 0.83
0.75 0.37 0.70 0.65 0.60
0.88 0.52 0.49 0.69 0.76
0.46 0.48 0.50 0.48 0.74
0.44 0.21 0.37 0.45 0.23
0.45 0.52 0.66 0.53 0.35
0.76 0.61 0.40 0.33 0.38
0.61 0.41 0.46 0.68 0.60
0.68 0.71 0.31 0.40 0.51
0.55 0.46 0.33 0.64 0.76
0.80 0.40 0.72 0.19 0.80
0.33 0.36 0.89 0.68 0.58
0.58 0.19 0.46 0.35 0.36
0.52 0.62 0.51 0.61 0.57
0.48 0.42 0.41 0.51 0.53
0.19 0.16 0.46 0.59 0.54
0.62 0.50 0.48 0.59 0.74
0.62 0.41 0.49 0.13 0.43
0.45 0.38 0.36 0.46 0.48
0.58 0.56 0.41 0.31 0.53
0.53 0.30 0.50 0.38 0.64
0.72 0.54 0.63 0.43 0.47
0.39 0.33 0.47 0.38 0.66
0.66 0.67 0.60 0.53 0.77
0.46 0.49 0.52 0.65 0.54
0.55 0.59 0.50 0.33 0.62
0.35 0.59 0.75 0.63 0.50
0.64 0.37 0.63 0.26 0.67
0.59 0.41 0.56 0.33 0.72
0.32 0.47 0.00 0.24 0.67
0.40 0.50 0.67 0.69 0.56
0.42 0.48 0.64 0.54 0.34
0.75 0.42 0.31 0.60 0.68
0.54 0.82 0.48 0.47 0.62
0.86 0.52 0.37 0.43 0.62
0.52 0.73 0.27 0.70 0.67
0.84 0.62 0.55 0.51 0.60
0.55 0.42 0.34 0.53 0.38
0.47 0.31 0.53 0.17 0.63
0.38 0.45 0.31 0.54 0.88
0.82 0.39 0.45 0.23 0.51
0.51 0.14 0.58 0.89 0.54
0.59 0.41 0.47 0.49 0.76
0.63 0.54 0.50 0.57 0.70
0.61 0.20 0.38 0.51 0.57
0.53 0.47 0.51 0.71 0.56
0.43 0.62 0.40 0.36 0.45
0.67 0.55 0.37 0.56 0.58
0.51 0.68 0.32 0.90 0.35
0.65 0.38 0.44 0.64 0.34
0.79 0.52 0.29 0.59 0.64
0.53 0.80 0.23 0.69 0.95
0.69 0.51 0.71 0.43 0.69
0.36 0.35 0.57 0.49 0.51
0.70 0.56 0.52 0.05 0.56
0.40 0.57 0.36 0.21 0.38
0.28 0.39 0.58 0.49 0.41
0.55 0.42 0.14 0.43 0.43
0.14 0.45 0.61 0.65 0.37
0.68 0.19 0.53 0.42 0.85
0.36 0.43 0.22 0.86 0.50
0.45 0.39 0.29 0.40 0.74
0.71 0.28 0.46 0.39 0.66
0.80 0.29 0.22 0.37 0.62
0.68 0.56 0.51 0.52 0.64
0.39 0.45 0.61 0.62 0.62
0.46 0.46 0.57 0.53 0.54
0.45 0.47 0.39 0.52 0.44
0.70 0.32 0.61 0.51 0.64
0.39 0.71 0.43 0.19 0.50
0.54 0.51 0.48 0.30 0.86
0.62 0.73 0.58 0.46 0.67
0.46 0.22 0.46 0.50 0.53
0.62 0.33 0.66 0.57 0.56
0.47 0.54 0.63 0.33 0.38
0.68 0.20 0.49 0.23 0.37
0.50 0.38 0.31 0.50 0.43
0.28 0.53 0.08 0.77 0.42
0.50 0.51 0.66 0.41 0.88
0.78 0.64 0.53 0.34 0.51
0.65 0.41 0.36 0.47 0.58
0.29 0.41 0.29 0.53 0.73
0.53 0.56 0.42 0.52 0.79
0.71 0.48 0.71 0.61 0.60
0.71 0.48 0.47 0.69 0.75
0.48 0.45 0.40 0.53 0.73
0.46 0.54 0.76 0.58 0.81
0.43 0.33 0.41 0.49 0.88
0.45 0.32 0.37 0.33 0.36
0.43 0.10 0.44 0.46 0.64
0.50 0.38 0.21 0.53 0.58
0.35 0.50 0.31 0.47 0.83
0.46 0.49 0.48 0.41 0.64
0.46 0.59 0.65 0.67 0.57
0.44 0.47 0.31 0.52 0.51
0.68 0.44 0.63 0.35 0.50
0.67 0.43 0.41 0.38 0.76
0.64 0.37 0.60 0.71 0.78
0.13 0.72 0.44 0.31 0.50
0.67 0.44 0.58 0.47 0.77
0.47 0.64 0.59 0.54 0.71
0.49 0.40 0.53 0.31 0.53
0.54 0.72 0.67 0.56 0.58
0.60 0.70 0.56 0.52 0.58
0.43 0.52 0.65 0.48 0.62
0.32 0.48 0.46 0.56 0.74
0.49 0.48 0.47 0.66 0.52
0.71 0.34 0.41 0.48 0.41
0.64 0.19 0.45 0.35 0.47
0.47 0.40 0.35 0.48 0.65
0.27 0.55 0.35 0.61 0.46
0.85 0.35 0.60 0.35 0.53
0.25 0.65 0.66 0.45 0.56
0.37 0.44 0.69 0.76 0.44
0.47 0.42 0.71 0.19 0.44
0.45 0.38 0.56 0.41 0.78
0.61 0.52 0.61 0.44 0.77
0.28 0.29 0.36 0.49 0.57
0.65 0.90 0.46 0.50 0.71
0.35 0.38 0.23 0.45 0.76
0.42 0.46 0.67 0.20 0.68
0.34 0.35 0.22 0.63 0.60
0.76 0.42 0.43 0.40 0.78
0.39 0.42 0.61 0.27 0.45
0.76 0.39 0.60 0.34 0.80
0.50 0.58 0.52 0.65 0.80
0.34 0.36 0.36 0.47 0.50
0.54 0.42 0.24 0.44 0.85
0.51 0.63 0.39 0.30 0.49
0.62 0.32 0.36 0.49 0.84
0.68 0.60 0.72 0.53 0.44
0.41 0.54 0.63 0.41 0.74
0.68 0.56 0.40 0.66 0.58
0.72 0.63 0.65 0.13 0.45
0.40 0.49 0.46 0.38 0.63
0.55 0.59 0.37 0.38 0.63
0.20 0.11 0.63 0.40 0.72
0.26 0.48 0.48 0.22 0.65
0.65 0.23 0.45 0.45 0.59
0.49 0.37 0.39 0.29 0.42
0.58 0.41 0.64 0.37 0.59
0.56 0.32 0.72 0.38 0.32
0.29 0.16 0.22 0.47 0.69
0.78 0.43 0.47 0.67 0.41
0.35 0.56 0.54 0.43 0.45
0.62 0.62 0.24 0.44 0.47
0.62 0.45 0.45 0.51 0.34
0.23 0.48 0.69 0.57 0.55
0.48 0.36 0.47 0.37 0.43
0.72 0.61 0.38 0.41 0.51
0.58 0.60 0.51 0.41 0.49
0.55 0.52 0.39 0.50 0.72
0.80 0.66 0.58 0.63 0.45
0.59 0.39 0.43 0.55 0.60
0.45 0.60 0.31 0.45 0.64
0.61 0.27 0.70 0.77 0.86
0.80 0.64 0.30 0.23 0.68
0.69 0.19 0.81 0.68 0.47
0.42 0.15 0.42 0.76 0.33
0.81 0.36 0.58 0.62 0.50
0.20 0.51 0.43 0.60 0.51
0.75 0.29 0.52 0.42 0.82
0.60 0.76 0.49 0.37 0.48
0.19 0.84 0.39 0.50 0.66
0.60 0.56 0.27 0.16 0.60
0.66 0.29 0.15 0.64 0.61
0.48 0.52 0.38 0.50 0.38
0.62 0.39 0.22 0.40 0.50
0.21 0.44 0.50 0.54 0.63
0.68 0.70 0.09 0.57 0.63
0.48 0.42 0.41 0.33 0.66
0.75 0.65 0.63 0.50 0.75
0.40 0.56 0.20 0.50 0.53
0.56 0.55 0.46 0.45 0.49
0.70 0.51 0.82 0.33 0.51
0.70 0.37 0.50 0.44 0.64
0.62 0.57 0.62 0.51 0.41
0.57 0.54 0.26 0.37 0.66
0.19 0.73 0.47 0.58 0.67
0.39 0.55 0.16 0.67 0.60
0.84 0.39 0.43 0.27 0.57
0.65 0.31 0.23 0.39 0.60
0.66 0.40 0.57 0.60 0.46
0.47 0.56 0.57 0.60 0.51
0.17 0.49 0.49 0.41 0.48
0.50 0.39 0.19 0.64 0.65
0.52 0.61 0.65 0.20 0.67
0.75 0.48 0.18 0.64 0.57
0.42 0.49 0.45 0.30 0.65
0.34 0.33 0.75 0.33 0.38
0.62 0.42 0.58 0.21 0.51
0.54 0.43 0.32 0.49 0.33
0.50 0.54 0.38 0.44 0.64
0.59 0.60 0.16 0.62 0.48
0.34 0.40 0.34 0.76 0.64
0.52 0.66 0.36 0.50 0.46
0.44 0.67 0.54 0.57 0.58
0.65 0.42 0.28 0.42 0.57
0.58 0.76 0.38 0.45 0.50
0.79 0.41 0.53 0.61 0.63
0.60 0.73 0.34 0.46 0.63
0.45 0.27 0.72 0.61 0.31
0.74 0.69 0.59 0.68 0.70
0.57 0.56 0.52 0.43 0.36
0.40 0.40 0.69 0.42 0.34
0.55 0.22 0.52 0.55 0.50
0.44 0.38 0.61 0.61 0.35
0.45 0.38 0.37 0.32 0.48
0.49 0.54 0.55 0.73 0.48
0.95 0.56 0.33 0.23 0.30
0.62 0.57 0.34 0.49 0.84
0.59 0.35 0.22 0.44 0.61
0.31 0.84 0.51 0.24 0.56
0.29 0.41 0.31 0.31 0.39
0.38 0.39 0.82 0.46 0.45
0.63 0.13 0.80 0.55 0.50
0.55 0.61 0.36 0.79 0.45
0.29 0.54 0.21 0.34 0.65
0.31 0.41 0.50 0.56 0.41
0.74 0.23 0.51 0.51 0.75
0.44 0.56 0.58 0.57 0.83
0.69 0.40 0.43 0.64 0.64
0.45 0.50 0.44 0.45 0.59
0.45 0.70 0.39 0.43 0.46
0.78 0.51 0.58 0.61 0.67
0.55 0.49 0.67 0.38 0.66
0.32 0.40 0.64 0.41 0.72
0.38 0.56 0.65 0.67 0.66
0.44 0.41 0.32 0.34 0.66
0.38 0.74 0.43 0.34 0.53
0.47 0.49 0.42 0.55 0.75
0.67 0.52 0.34 0.49 0.62
0.74 0.62 0.79 0.12 0.85
0.71 0.37 0.43 0.61 0.56
0.54 0.71 0.54 0.40 0.46
0.43 0.40 0.52 0.38 0.68
0.61 0.55 0.57 0.66 0.68
0.50 0.50 0.32 0.31 0.45
0.83 0.31 0.61 0.34 0.65
0.44 0.35 0.55 0.39 0.70
0.71 0.66 0.46 0.65 0.62
0.50 0.45 0.62 0.72 0.78
0.35 0.49 0.26 0.39 0.44
0.19 0.46 0.76 0.63 0.82
0.48 0.70 0.34 0.53 0.77
0.23 0.49 0.16 0.26 0.80
0.29 0.33 0.59 0.45 0.72
0.54 0.54 0.61 0.53 0.55
0.42 0.43 0.61 0.42 0.78
0.66 0.30 0.47 0.42 0.69
0.65 0.52 0.17 0.29 0.74
0.66 0.34 0.27 0.24 0.50
0.52 0.34 0.57 0.33 0.66
0.31 0.42 0.46 0.42 0.79
0.56 0.51 0.55 0.51 0.71
0.48 0.48 0.37 0.43 0.87
0.65 0.60 0.16 0.66 0.63
0.51 0.33 0.29 0.47 0.67
0.69 0.34 0.49 0.29 0.60
0.55 0.38 0.13 0.70 0.54
0.62 0.71 0.69 0.29 0.79
0.70 0.39 0.74 0.32 0.56
0.25 0.74 0.56 0.39 0.64
0.35 0.47 0.74 0.48 0.43
0.17 0.10 0.56 0.61 0.65
0.60 0.78 0.49 0.58 0.71
0.19 0.42 0.51 0.34 0.83
0.56 0.31 0.51 0.51 0.80
0.69 0.35 0.74 0.50 0.75
0.64 0.52 0.49 0.52 0.52
0.35 0.15 0.59 0.56 0.57
0.92 0.54 0.36 0.56 0.56
0.77 0.53 0.56 0.48 0.46
0.84 0.71 0.31 0.66 0.47
0.58 0.32 0.54 0.25 0.64
0.32 0.58 0.62 0.48 0.59
0.65 0.31 1.00 0.48 0.50
0.66 0.32 0.67 0.71 0.44
0.46 0.70 0.45 0.45 0.55
0.43 0.44 0.44 0.64 0.75
0.57 0.49 0.54 0.39 0.61
0.65 0.42 0.48 0.42 0.62
0.34 0.39 0.56 0.68 0.57
0.41 0.55 0.41 0.48 0.32
0.67 0.51 0.29 0.19 0.48
0.56 0.64 0.78 0.35 0.41
0.44 0.52 0.19 0.64 0.51
0.44 0.25 0.45 0.64 0.60
0.53 0.47 0.72 0.39 0.37
0.87 0.58 0.48 0.78 0.44
0.61 0.61 0.46 0.40 0.48
0.57 0.34 0.58 0.69 0.48
0.63 0.56 0.28 0.69 0.57
0.53 0.76 0.66 0.35 0.45
0.31 0.49 0.46 0.34 0.81
0.50 0.50 0.61 0.51 0.46
0.45 0.43 0.66 0.59 0.52
0.69 0.29 0.75 0.72 0.70
0.38 0.50 0.05 0.38 0.54
0.23 0.34 0.57 0.59 0.43
0.59 0.38 0.21 0.61 0.68
0.49 0.53 0.32 0.49 0.34
0.50 0.45 0.49 0.22 0.61
0.48 0.68 0.20 0.35 0.89
0.53 0.83 0.66 0.49 0.40
0.64 0.40 0.98 0.52 0.64
0.59 0.81 0.34 0.63 0.65
0.47 0.43 0.70 0.51 0.84
0.48 0.37 0.53 0.21 0.42
0.56 0.22 0.43 0.44 0.71
0.57 0.66 0.60 0.22 0.62
0.69 0.47 0.87 0.68 0.75
0.55 0.35 0.47 0.52 0.66
0.38 0.44 0.63 0.42 0.59
0.60 0.53 0.53 0.44 0.92
0.60 0.69 0.33 0.45 0.60
0.49 0.30 0.61 0.45 0.63
0.55 0.53 0.45 0.47 0.73
0.48 0.46 0.40 0.41 0.66
0.73 0.34 0.64 0.42 0.45
0.62 0.49 0.47 0.40 0.85
0.65 0.48 0.74 0.12 0.44
0.51 0.68 0.38 0.42 0.61
0.35 0.25 0.53 0.48 0.38
0.45 0.19 0.44 0.48 0.80
0.57 0.49 0.46 0.25 0.43
0.61 0.66 0.43 0.06 0.60
0.62 0.54 0.47 0.41 0.85
0.44 0.51 0.85 0.66 0.68
0.31 0.48 0.65 0.32 0.47
0.80 0.45 0.44 0.58 0.38
0.71 0.30 0.64 0.45 0.36
0.67 0.46 0.13 0.50 0.42
0.46 0.44 0.42 0.92 0.68
0.73 0.59 0.35 0.05 0.47
0.62 0.66 0.60 0.35 0.61
0.40 0.35 0.53 0.42 0.64
0.48 0.40 0.38 0.34 0.37
0.25 0.54 0.67 0.74 0.55
0.74 0.54 1.00 0.65 0.63
0.36 0.43 0.46 0.58 0.49
0.69 0.50 0.48 0.47 0.48
0.27 0.39 0.60 0.47 0.27
0.70 0.53 0.64 0.48 0.54
0.28 0.24 0.94 0.46 0.53
0.62 0.50 0.64 0.32 0.62
0.37 0.78 0.61 0.47 0.68
0.51 0.48 0.65 0.50 0.65
0.50 0.69 0.42 0.24 0.45
0.70 0.23 0.43 0.43 0.28
0.35 0.64 0.59 0.68 0.23
0.51 0.54 0.64 1.00 0.61
0.47 0.66 0.73 0.33 0.47
0.34 0.45 0.35 0.40 0.53
0.83 0.38 0.24 0.45 0.19
0.87 0.66 0.45 0.53 0.59
0.39 0.32 0.76 0.57 0.51
0.51 0.52 0.34 0.45 0.61
0.37 0.30 0.77 0.49 0.67
0.08 0.57 0.16 0.73 0.53
0.83 0.38 0.41 0.46 0.41
0.48 0.25 0.54 0.29 0.75
0.40 0.25 0.98 0.38 0.38
0.74 0.40 0.88 0.45 0.58
0.38 0.57 0.43 0.10 0.50
0.78 0.68 0.37 0.46 0.40
0.50 0.83 0.69 0.78 0.60
0.61 0.53 0.79 0.46 0.76
0.61 0.59 0.56 0.54 0.28
0.56 0.50 0.53 0.55 0.74
0.60 0.50 0.66 0.54 0.64
0.26 0.42 0.21 0.68 0.49
0.42 0.44 0.76 0.40 0.81
0.59 0.34 0.52 0.98 0.77
0.52 0.35 0.55 0.37 0.45
0.32 0.26 0.53 0.54 0.56
0.67 0.30 0.36 0.42 0.59
0.47 0.32 0.34 0.46 0.89
0.67 0.51 0.54 0.26 0.83
0.48 0.32 0.82 0.58 0.75
0.59 0.25 0.78 0.53 0.46
0.40 0.63 0.64 0.47 0.50
0.69 0.44 0.42 0.46 0.45
0.73 0.42 0.36 0.62 0.52
0.50 0.50 0.25 0.26 0.87
0.45 0.42 0.17 0.55 0.56
0.52 0.49 0.59 0.61 0.29
0.29 0.47 0.43 0.62 0.30
0.64 0.23 0.53 0.35 0.47
0.40 0.82 0.40 0.42 0.45
0.18 0.29 0.55 0.64 0.71
0.74 0.62 0.53 0.47 0.66
0.57 0.66 0.92 0.54 0.77
0.22 0.25 0.31 0.61 0.43
0.53 0.68 0.40 0.52 0.58
0.36 0.29 0.94 0.74 0.41
0.62 0.44 0.60 0.60 0.63
0.70 0.49 0.57 0.36 0.61
0.36 0.66 0.81 0.39 0.53
0.51 0.89 0.59 0.41 0.66
0.66 0.56 0.86 0.42 0.76
0.42 0.61 0.74 0.22 0.82
0.40 0.61 0.72 0.34 0.81
0.28 0.43 0.50 0.38 0.63
0.59 0.34 0.49 0.40 0.70
0.65 0.73 0.35 0.54 0.75
0.15 0.54 0.51 0.45 0.41
0.53 0.76 0.49 0.82 0.71
0.61 0.56 0.92 0.42 0.73
0.37 0.66 0.44 0.38 0.85
0.52 0.47 0.32 0.17 0.82
0.55 0.41 0.57 0.43 0.50
0.34 0.51 0.76 0.48 0.52
0.53 0.39 0.58 0.53 0.77
0.59 0.41 0.94 0.61 0.48
0.64 0.42 0.33 0.50 0.80
0.59 0.77 0.70 0.52 0.49
0.59 0.45 0.69 0.49 0.50
0.60 0.19 0.57 0.47 0.79
0.72 0.60 0.47 0.66 0.50
0.37 0.74 0.71 0.19 0.36
0.84 0.43 0.60 0.64 0.57
0.48 0.45 0.81 0.30 0.56
0.59 0.83 0.39 0.60 0.60
0.62 0.52 0.43 0.88 0.57
0.66 0.39 0.53 0.78 0.67
0.52 0.51 0.52 0.49 0.61
0.67 0.62 0.71 0.49 0.60
0.66 0.56 0.47 0.63 0.55
0.73 0.24 0.37 0.40 0.78
0.52 0.24 0.53 0.39 0.58
0.45 0.53 0.31 0.79 0.49
0.69 0.66 0.62 0.55 0.65
0.57 0.33 0.38 0.33 0.65
0.60 0.47 0.31 0.62 0.65
0.52 0.56 0.51 0.45 0.79
0.66 0.47 0.67 0.44 0.66
0.55 0.50 0.54 0.66 0.33
0.58 0.51 0.36 0.43 0.71
0.54 0.84 0.84 0.53 0.34
0.37 0.70 0.66 0.43 0.50
0.42 0.75 0.51 0.33 0.43
0.59 0.54 0.50 0.36 0.56
0.41 0.29 0.54 0.48 0.64
0.40 0.54 0.77 0.48 0.57
0.60 0.38 0.50 0.33 0.74
0.41 0.69 0.42 0.48 0.62
0.51 0.51 0.71 0.56 0.47
0.41 0.37 0.45 0.32 0.40
0.51 0.36 0.58 0.44 0.46
0.55 0.58 0.43 0.67 0.79
0.56 0.61 0.66 0.28 0.38
0.40 0.36 0.26 0.59 0.72
0.57 0.48 0.68 0.42 0.85
0.57 0.18 0.78 0.61 0.59
0.58 0.72 0.30 0.55 0.59
0.35 0.56 0.88 0.38 0.49
0.53 0.69 0.69 0.58 0.65
0.63 0.48 0.34 0.55 0.43
0.34 0.31 0.83 0.72 0.64
0.75 0.55 0.49 0.36 0.81
0.41 0.40 0.50 0.65 0.63
0.49 0.33 0.81 0.38 0.55
0.70 0.60 0.50 0.59 0.72
0.37 0.42 0.37 0.40 0.59
0.18 0.24 0.45 0.19 0.60
0.75 0.34 0.28 0.52 0.38
0.62 0.63 0.33 0.69 0.65
0.74 0.44 0.27 0.58 0.62
0.40 0.50 0.43 0.19 0.57
0.40 0.29 0.63 0.57 0.76
0.34 0.83 0.79 0.61 0.62
0.68 0.55 0.43 0.30 0.51
0.57 0.40 0.32 0.53 0.35
0.37 0.59 0.47 0.41 0.55
0.41 0.20 0.46 0.69 0.44
0.35 0.52 0.58 0.40 0.65
0.77 0.32 0.26 0.61 0.38
0.50 0.72 0.83 0.63 0.64
0.33 0.40 0.65 0.69 0.69
0.52 0.33 0.61 0.59 0.52
0.72 0.60 0.66 0.61 0.57
0.34 0.48 0.55 0.48 0.45
0.46 0.63 0.03 0.67 0.41
0.45 1.00 0.38 0.57 0.53
0.56 0.60 0.56 0.71 0.56
0.68 0.51 0.51 0.79 0.63
0.44 0.52 0.77 0.33 0.68
0.92 0.55 0.41 0.25 1.00
0.52 0.88 0.66 0.76 0.55
0.53 0.87 0.72 0.79 0.50
0.50 0.54 0.70 0.53 0.47
0.45 0.35 0.44 0.61 0.69
0.56 0.59 0.45 0.36 0.69
0.23 0.97 0.44 0.40 0.34
0.58 0.61 0.73 0.42 0.25
0.54 0.61 0.42 0.39 0.71
0.59 0.37 0.75 0.43 0.33
0.39 0.74 0.88 0.59 0.65
0.63 0.45 0.77 0.44 0.53
0.82 0.68 0.28 0.49 0.35
0.34 0.86 0.57 0.59 0.76
0.78 0.43 0.49 0.20 0.76
0.39 0.65 0.66 0.73 0.56
0.46 0.78 0.70 0.57 0.75
0.72 0.87 0.56 0.69 0.70
0.56 0.23 0.35 0.76 0.43
0.32 0.61 0.64 0.41 0.65
0.69 0.88 0.73 0.81 0.36
0.76 0.63 0.28 0.27 0.65
0.78 0.18 0.51 0.46 0.52
0.58 0.70 0.49 0.38 0.35
0.68 0.88 0.42 0.38 0.70
0.31 0.57 0.71 0.52 0.46
0.30 0.88 0.48 0.33 0.51
0.60 0.44 0.54 0.54 0.55
0.42 0.60 0.44 0.67 0.70
0.60 0.87 0.33 0.40 0.50
0.61 0.82 0.76 0.35 0.67
0.49 0.79 0.92 0.47 0.62
0.47 0.66 0.80 0.28 0.53
0.86 0.37 0.49 0.69 0.60
0.24 0.58 0.52 0.62 0.55
0.53 0.41 0.33 0.27 0.72
0.34 0.54 0.64 0.65 0.60
0.64 0.15 0.47 0.33 0.34
0.30 0.75 0.33 0.43 0.67
0.27 0.98 0.54 0.25 0.75
0.55 0.95 0.24 0.57 0.33
0.71 0.57 0.51 0.34 0.54
0.43 0.74 0.46 0.59 0.45
0.62 0.55 0.76 0.64 0.35
0.73 0.85 0.63 0.46 0.52
0.63 0.76 0.56 0.39 0.52
0.52 0.81 0.27 0.53 0.58
0.58 0.58 0.51 0.50 0.72
0.57 0.41 0.61 0.65 0.79
0.52 0.56 0.33 0.66 0.38
0.71 0.82 0.66 0.38 0.66
0.60 0.64 0.40 0.22 0.36
0.55 0.47 0.38 0.47 0.54
0.49 0.76 0.47 0.46 0.62
0.62 0.39 0.72 0.45 0.79
0.47 0.63 0.67 0.51 0.59
0.77 0.47 0.61 0.57 0.50
0.52 0.70 0.46 0.29 0.64
0.52 0.57 0.45 0.40 0.82
0.38 0.33 0.46 0.44 0.57
0.71 0.43 0.68 0.66 0.73
0.79 0.34 0.43 0.37 0.35
0.29 0.34 0.51 0.35 0.54
0.34 0.47 0.36 0.51 0.73
0.77 0.64 0.53 0.48 0.57
0.80 0.48 0.57 0.56 0.00
0.41 0.29 0.81 0.48 0.99
0.70 0.38 0.51 0.70 0.54
0.58 0.22 0.76 0.42 0.72
0.29 0.78 0.87 0.53 0.45
0.31 0.58 0.61 0.24 0.34
0.31 0.41 0.64 0.29 0.44
0.47 0.72 0.88 0.29 0.64
0.50 0.64 0.75 0.71 0.50
0.37 0.75 0.72 0.54 0.60
0.65 0.33 0.73 0.32 0.73
0.75 0.99 0.44 0.41 0.60
0.65 0.59 0.30 0.27 0.39
0.63 0.77 0.76 0.75 0.41
0.62 0.52 0.41 0.38 0.44
0.58 0.68 0.35 0.50 0.19
0.19 0.55 0.50 0.51 0.70
0.39 0.18 0.50 0.27 0.73
0.68 0.54 0.28 0.61 0.54
0.43 0.82 0.75 0.48 0.62
0.62 0.79 0.55 0.76 0.61
0.60 0.36 0.66 0.45 0.80
0.52 0.58 0.50 0.56 0.57
0.66 0.52 0.83 0.50 0.67
0.32 0.51 0.60 0.22 0.65
0.54 0.40 0.76 0.16 0.62
0.63 0.44 0.35 0.22 0.60
0.47 0.37 0.47 0.39 0.60
0.37 0.51 0.63 0.44 0.73
0.64 0.52 0.58 0.34 0.57
0.42 0.45 0.70 0.18 0.51
0.65 0.65 0.47 0.48 0.76
0.64 0.86 0.54 0.45 0.53
0.23 0.66 1.00 0.49 0.22
0.39 0.73 0.95 0.11 0.86
0.31 0.84 0.81 0.39 0.48
0.45 0.73 0.46 0.63 0.49
0.89 0.66 0.93 0.43 0.60
0.52 0.82 0.58 0.56 0.51
0.60 0.51 0.74 0.45 0.94
0.53 0.70 0.55 0.29 0.48
0.67 0.80 1.00 0.23 0.64
0.54 0.52 0.71 0.24 0.76
0.36 0.59 0.77 0.35 0.56
0.56 0.69 0.44 0.64 0.35
0.61 0.55 0.27 0.55 0.50
0.89 0.54 0.36 0.52 0.43
0.18 0.58 0.59 0.63 0.81
0.24 0.38 0.80 0.52 0.74
0.51 0.38 0.41 0.55 0.64
0.49 0.49 0.87 0.33 0.62
0.68 0.52 0.53 0.54 0.33
0.69 0.64 0.45 0.32 0.59
0.57 0.54 0.53 0.41 0.54
0.22 0.64 0.93 0.41 0.06
0.20 0.41 0.83 0.49 0.38
0.30 0.42 0.55 0.41 0.83
0.58 0.85 0.29 0.17 0.45
0.50 0.16 0.70 0.60 0.71
0.57 0.39 0.76 0.57 0.54
0.57 0.74 0.58 0.61 0.68
0.57 0.51 0.58 0.73 0.21
0.53 0.88 0.87 0.22 0.67
0.69 0.46 0.76 0.46 0.73
0.50 0.38 0.49 0.26 0.49
0.43 0.68 0.53 0.38 0.76
0.79 0.83 0.43 0.76 0.27
0.58 0.33 0.36 0.85 0.47
0.47 0.41 0.76 0.32 0.57
0.60 0.65 0.59 0.57 0.35
0.73 0.72 0.45 0.71 0.44
0.56 0.41 0.25 0.34 0.25
0.41 0.74 0.73 0.69 0.91
0.67 0.65 0.56 0.58 0.62
0.36 0.45 0.67 0.38 0.91
0.22 0.62 0.77 0.45 0.22
0.39 0.47 0.69 0.28 0.60
0.60 0.53 0.66 0.50 0.50
0.26 0.35 0.68 0.50 0.52
0.86 0.49 0.90 0.74 0.74
0.26 0.64 0.56 0.42 0.60
0.65 0.56 0.53 0.48 0.51
0.46 0.56 0.71 0.33 0.71
0.49 0.49 0.43 0.31 0.70
0.26 0.87 0.83 0.79 0.65
0.54 0.44 0.79 0.70 0.67
0.61 0.53 0.57 0.59 0.52
0.58 0.44 0.52 0.56 0.84
0.47 0.56 0.42 0.42 0.81
0.54 0.71 0.54 0.89 0.50
0.42 0.66 0.83 0.22 0.46
0.85 0.63 0.60 0.32 0.43
0.70 0.40 0.59 0.41 0.64
0.57 0.40 0.54 0.55 0.37
0.55 0.47 0.86 0.53 0.61
0.46 0.64 0.71 0.52 0.46
0.73 0.85 0.55 0.57 0.44
0.50 0.52 0.32 0.47 0.61
0.22 0.74 0.41 0.48 0.38
0.43 0.74 0.78 0.51 0.53
0.53 0.67 0.67 0.51 0.78
0.34 0.57 0.67 0.51 0.56
0.30 0.67 0.57 0.41 0.71
0.52 0.60 0.76 0.70 0.49
0.35 0.39 0.24 0.40 0.68
0.47 0.88 0.48 0.49 0.75
0.51 0.30 0.78 0.34 0.53
0.61 0.54 0.62 0.69 0.67
0.31 0.38 0.61 0.66 0.66
0.56 0.50 0.39 0.67 0.68
0.44 0.38 0.58 0.23 0.27
0.54 0.53 0.60 0.36 0.79
0.34 0.27 0.58 0.69 0.50
0.57 0.23 0.54 0.41 0.66
0.82 0.64 0.61 0.38 0.50
0.64 0.47 0.60 0.51 0.81
0.96 0.50 0.75 0.22 0.00
0.66 0.63 0.96 0.50 0.54
0.39 0.46 0.59 0.93 0.17
0.47 0.89 0.53 0.30 0.62
0.36 0.91 0.40 0.26 0.74
0.47 0.61 0.41 0.77 0.51
0.44 0.68 0.86 0.73 0.77
0.61 0.47 0.72 0.46 0.08
0.61 0.79 0.71 0.68 0.82
0.44 0.44 0.29 0.76 0.48
0.41 0.37 0.57 0.61 0.39
0.13 0.40 0.73 0.66 0.52
0.60 0.56 0.60 0.47 0.34
0.23 0.82 0.54 0.42 0.26
0.42 0.41 0.68 0.46 0.40
0.36 0.20 0.77 0.56 0.23
0.37 0.24 0.84 0.61 0.60
0.46 0.72 0.89 0.68 0.59
0.68 0.67 0.13 0.43 0.28
0.85 0.79 0.44 0.27 0.28
0.51 0.47 0.75 0.24 0.47
0.54 0.60 0.92 0.31 0.55
0.37 0.34 0.66 1.00 0.49
0.92 0.62 0.65 0.60 0.96
0.30 0.57 0.38 0.68 0.61
0.46 1.00 0.66 0.29 0.44
0.57 0.05 0.53 0.28 0.52
0.47 0.31 0.63 0.39 0.51
0.29 0.49 0.61 0.61 0.45
0.70 0.65 0.60 0.78 0.04
0.53 0.26 0.13 0.76 0.49
0.78 0.63 0.35 0.52 0.46
0.44 0.52 0.61 0.69 0.49
0.32 0.88 0.70 0.63 0.57
0.54 0.45 0.81 0.55 0.30
0.72 0.44 0.86 0.49 0.63
0.72 0.50 0.52 0.47 0.47
0.55 0.18 0.25 0.30 0.57
0.53 0.45 0.46 0.62 0.67
0.29 0.42 0.85 0.12 0.29
0.39 0.46 0.07 0.78 0.37
0.31 0.79 0.51 0.47 0.93
0.45 0.68 0.86 0.53 0.61
0.17 0.00 0.27 0.58 0.62
0.76 0.60 0.56 0.74 0.65
0.51 0.43 0.81 0.75 0.93
0.61 0.18 0.37 0.32 0.59
0.56 0.52 0.45 0.40 0.56
0.76 0.63 0.63 0.47 0.70
0.63 0.60 0.68 0.56 0.60
0.31 0.68 0.47 0.80 0.55
0.42 0.37 0.67 0.39 0.59
0.46 0.26 0.41 0.75 0.72
0.43 0.38 0.38 0.62 0.71
0.39 0.65 0.78 0.39 0.47
0.59 0.36 0.61 0.19 0.63
0.70 0.61 0.39 0.65 0.77
0.59 0.38 0.86 0.43 0.27
0.43 0.67 0.10 0.80 0.76
0.43 0.67 0.57 0.37 0.58
0.47 0.83 0.40 0.35 0.36
0.57 0.46 0.56 0.53 0.55
0.52 0.66 0.66 0.61 0.72
0.49 0.75 0.62 0.73 0.66
0.51 0.32 0.75 0.57 0.53
0.57 0.19 0.68 0.55 0.35
0.79 0.30 0.32 0.19 0.42
0.74 0.69 0.61 0.52 0.69
0.66 0.86 0.72 0.17 0.56
0.94 0.54 0.68 0.36 0.43
0.46 0.60 0.81 0.75 0.36
0.76 0.37 0.40 0.78 0.49
0.77 0.85 0.58 0.77 0.61
0.50 0.58 0.57 0.38 0.45
0.67 0.47 0.71 0.50 0.67
0.42 0.57 0.46 0.44 0.26
0.59 0.42 0.39 0.43 0.50
0.32 0.79 0.55 0.68 0.48
0.68 0.77 0.30 0.48 0.30
0.88 0.84 0.65 0.59 0.68
0.39 0.34 0.30 0.48 0.72
0.58 0.43 0.66 0.43 0.44
0.39 0.43 0.33 0.52 0.67
0.69 0.70 0.56 0.57 0.69
0.42 0.00 0.33 0.52 0.70
0.42 0.16 0.42 0.60 0.68
0.50 0.61 0.74 0.43 0.72
0.33 0.29 0.37 0.53 0.40
0.00 0.86 0.56 0.60 0.41
0.61 0.47 0.69 0.65 0.59
0.12 0.86 0.47 0.64 0.85
0.13 0.54 0.56 0.43 1.00
0.58 0.53 0.45 0.63 0.32
0.36 0.57 0.54 0.60 0.27
0.17 0.50 0.43 0.52 0.41
0.34 0.21 0.00 0.59 0.60
0.21 0.39 0.50 0.42 0.53
0.41 0.32 0.97 0.45 0.13
0.53 0.58 0.72 0.67 0.80
0.52 0.56 0.71 0.44 0.69
0.47 0.38 0.04 0.45 0.30
1.00 0.35 0.48 0.38 0.55
0.73 0.34 0.62 0.38 0.32
0.62 0.27 0.82 0.63 0.47
0.56 0.77 0.98 0.63 0.75
0.38 0.15 0.56 0.26 0.59
0.59 0.48 0.48 0.69 0.29
0.40 0.41 0.10 0.63 0.19
0.36 0.81 0.85 0.42 0.43
0.74 0.65 0.71 0.52 0.71
0.58 0.23 0.82 0.70 0.32
0.29 0.29 0.87 0.62 0.89
0.46 0.44 0.67 0.73 0.63
0.60 0.89 0.68 0.57 0.72
0.44 0.77 0.63 0.61 0.56
0.53 0.51 0.50 0.62 0.23
0.47 0.72 0.38 0.59 0.73
0.56 0.59 0.58 0.66 0.48
0.67 0.55 0.39 0.76 0.79
0.71 0.14 0.30 0.83 0.31
0.54 0.80 0.51 0.47 0.65
0.51 0.00 0.85 0.51 0.37
0.20 0.56 0.75 0.65 0.53
0.67 0.51 0.13 0.32 0.94
0.07 0.00 0.90 0.40 0.69
0.18 0.70 0.43 0.83 0.89
0.01 0.33 0.32 0.71 0.51
0.30 0.61 0.79 0.36 0.70
0.48 0.29 0.71 0.73 0.36
0.60 0.18 0.13 0.38 0.75
0.07 0.37 0.36 0.76 0.45
0.40 0.28 0.44 0.30 0.66
0.59 0.26 0.30 0.46 0.59
0.67 0.28 0.29 0.53 0.61
0.44 0.44 0.24 0.38 0.37
0.36 0.35 0.98 0.60 0.83
0.43 0.35 0.32 0.57 0.34
0.55 0.34 0.34 0.63 0.58
0.64 0.52 0.53 0.67 0.86
0.44 0.29 0.64 0.44 0.39
0.32 0.38 1.00 0.34 0.28
0.78 0.54 0.63 0.59 0.51
0.35 0.04 0.52 0.58 0.54
0.24 0.56 0.12 0.35 0.81
0.65 0.60 0.72 0.34 0.00
0.74 0.28 0.26 0.50 0.37
0.41 0.31 0.43 0.43 0.54
0.65 0.23 0.35 0.84 0.57
0.62 0.21 0.66 0.55 0.69
0.70 0.89 0.80 0.78 0.52
0.48 0.12 0.57 0.16 0.64
0.25 0.80 0.45 0.95 0.72
0.86 0.13 0.19 0.33 0.42
0.61 0.41 0.00 0.45 0.67
0.00 0.35 0.71 0.83 0.89
1.00 0.35 0.86 0.86 0.46
0.49 0.92 0.88 0.77 0.21
0.25 0.27 0.55 0.29 0.51
0.73 0.48 0.36 1.00 0.80
0.10 0.52 0.92 0.41 0.58
0.63 0.77 0.39 0.62 0.56
0.45 0.28 0.07 0.90 0.52
0.84 0.11 0.60 0.28 0.53
0.51 0.67 0.61 0.54 0.53
0.44 0.52 0.42 0.54 0.71
0.82 0.38 0.87 0.82 0.44
0.32 0.00 0.52 0.26 0.34
0.83 0.57 0.27 0.88 0.53
0.59 0.82 0.43 0.66 0.41
0.30 0.43 0.26 0.26 0.52
0.41 0.16 0.63 0.75 0.89
0.47 0.03 0.25 0.69 0.27
0.32 0.34 0.58 0.88 0.52
0.55 0.42 0.24 0.21 0.72
0.16 0.75 0.25 0.65 0.31
0.45 0.95 0.85 0.66 0.79
0.47 0.56 0.89 0.67 0.30
0.48 0.90 0.76 0.77 0.83
0.45 0.29 0.43 0.37 0.90
0.73 0.25 0.65 0.65 0.55
0.49 0.11 0.52 0.00 0.35
0.08 0.08 0.12 1.00 0.80
0.53 0.51 1.00 0.36 0.32
0.44 0.37 0.56 0.11 0.06
0.81 0.54 1.00 0.71 0.38
0.64 0.22 0.01 0.22 0.50
0.32 0.44 1.00 0.83 0.47
0.38 0.32 0.12 0.20 0.15
0.12 0.21 0.32 0.12 0.44
0.74 0.51 0.69 0.20 0.32
0.51 0.40 0.64 0.21 0.40
0.81 0.13 0.50 0.60 0.48
0.33 0.23 0.48 0.34 0.46
0.73 0.66 0.53 0.67 0.00
0.59 0.40 0.59 0.17 0.33
0.43 0.57 0.00 0.33 0.72
0.69 0.67 0.22 0.01 1.00
0.62 0.19 0.67 0.54 0.59
0.26 0.34 0.40 0.67 0.89
0.03 0.45 0.40 0.24 0.80
0.68 0.47 0.74 0.92 0.67
0.62 0.16 0.50 0.74 0.54
0.53 0.19 0.96 0.27 0.88
0.28 0.07 0.69 0.44 0.33
0.60 0.30 0.62 0.55 0.81
0.38 0.51 1.00 0.51 0.03
0.23 0.33 0.44 0.74 0.44
1.00 0.07 0.49 0.44 0.74
1.00 0.37 0.00 0.73 0.25
0.61 0.93 0.00 0.79 0.86
0.72 0.32 0.54 0.37 0.24
0.11 0.32 0.59 0.44 0.00
0.00 0.33 1.00 0.56 0.00
0.57 0.69 0.00 0.00 0.00
0.00 0.38 0.80 0.44 0.00
0.13 0.00 0.00 0.64 0.32
0.45 0.00 0.00 0.47 0.94
0.71 0.00 0.00 1.00 0.62
0.53 0.09 0.57 0.40 0.00
0.00 1.00 0.58 0.00 0.45
