0.74 0.42 0.57
0.98 0.15 0.88
0.17 0.02 0.18
0.72 0.17 0.18
0.14 0.92 0.59
0.92 0.28 0.24
0.20 0.25 0.84
0.81 0.09 0.27
0.66 0.19 0.40
0.01 0.74 0.58
0.25 0.53 0.67
0.80 0.87 0.99
0.99 0.18 0.83
0.51 0.69 0.08
1.00 0.04 0.87
0.84 0.82 0.36
0.82 0.73 0.22
0.28 0.81 0.14
0.13 0.17 0.47
0.64 0.30 0.70
0.94 0.97 0.55
0.20 0.91 0.06
0.13 0.99 0.79
0.24 0.42 0.37
0.87 0.83 0.20
0.78 0.92 0.63
0.31 0.33 0.33
0.52 0.41 0.64
0.65 0.71 0.82
0.76 0.29 0.89
0.63 0.33 0.91
0.08 0.69 0.85
0.50 0.84 0.61
0.87 0.02 0.72
0.17 0.19 0.32
0.91 0.15 0.55
0.58 0.62 0.08
0.83 0.44 0.32
0.32 0.32 0.93
0.66 0.08 0.11
0.09 1.00 0.81
0.07 0.62 0.68
0.61 0.05 0.61
0.91 0.34 0.77
0.43 0.13 0.23
0.27 0.62 0.13
0.16 0.90 0.72
0.98 0.78 0.89
0.24 0.17 0.09
0.38 0.91 0.75
0.61 0.48 0.36
0.95 0.55 0.89
0.41 0.91 0.68
0.87 0.12 0.33
0.51 0.94 0.94
0.26 0.17 0.96
0.56 0.85 0.11
0.54 0.27 0.85
0.56 0.58 0.43
0.32 0.08 0.73
0.07 0.80 0.88
0.19 0.65 0.67
0.74 0.65 0.10
0.21 0.26 0.56
0.13 0.14 0.87
0.45 0.30 0.47
0.50 0.79 0.13
0.68 0.29 0.82
0.51 0.25 0.07
0.05 0.30 0.76
0.52 0.50 0.15
0.07 0.63 0.93
0.93 0.12 1.00
0.37 0.48 0.48
0.35 0.40 0.66
0.15 0.85 0.00
0.21 0.63 0.82
0.60 0.85 0.21
0.87 0.76 0.88
0.95 0.80 0.95
0.18 0.93 0.57
0.12 0.72 0.72
0.00 0.65 0.72
0.76 0.27 0.90
0.32 0.87 0.92
0.59 0.84 0.12
0.06 0.25 0.98
0.85 0.14 0.96
0.32 0.52 0.25
0.35 0.20 0.68
0.13 0.45 0.59
0.14 0.26 0.45
0.92 0.06 0.19
0.61 0.56 0.07
0.34 0.83 0.70
0.43 0.97 0.87
0.26 0.62 0.69
0.32 0.43 0.37
0.63 0.93 0.22
0.42 0.42 0.53
0.23 0.04 0.25
0.28 0.33 0.43
0.73 0.19 0.43
0.09 0.82 0.51
0.60 0.54 0.41
0.18 0.73 0.18
0.86 0.77 0.65
0.87 0.92 0.57
0.46 0.47 0.75
0.06 0.32 0.33
0.83 0.45 0.18
0.06 0.11 0.86
0.96 0.91 0.07
0.71 0.25 0.13
0.50 0.36 0.34
0.67 0.23 0.82
0.41 0.72 0.99
0.55 0.78 0.84
0.43 0.67 0.68
0.70 0.61 0.89
0.59 0.36 0.60
1.00 0.97 0.94
0.24 0.95 0.03
0.71 0.11 0.54
0.74 0.58 0.64
0.17 0.82 0.59
0.21 0.65 0.05
0.78 0.02 0.33
0.53 0.40 0.29
0.43 0.86 0.50
0.20 0.85 0.54
0.26 0.77 0.15
0.31 0.22 1.00
0.57 0.39 0.76
0.97 0.63 0.07
0.59 0.14 0.29
0.89 0.48 0.67
0.97 0.58 0.61
0.63 0.06 0.49
0.34 0.35 0.32
0.42 0.90 0.70
0.28 0.43 0.61
0.08 0.36 0.84
0.38 0.47 0.72
0.26 0.85 0.65
0.90 0.46 0.61
0.99 0.10 0.77
0.57 0.97 0.93
0.32 0.12 0.18
0.31 0.62 0.86
0.67 0.70 0.44
0.44 0.41 0.08
0.44 0.57 0.89
0.40 0.31 0.83
0.57 0.55 0.15
0.72 0.20 0.28
0.32 0.56 0.80
0.73 0.29 0.88
0.72 0.44 0.93
0.58 0.94 0.33
0.56 0.37 0.17
0.80 0.79 0.58
0.15 0.24 0.17
0.41 0.62 0.89
0.41 0.74 0.05
0.11 0.32 0.88
0.80 0.41 0.20
0.11 0.84 0.86
0.48 0.17 0.08
0.77 0.36 0.08
0.61 0.87 0.51
0.51 0.45 0.67
0.00 0.15 0.46
0.96 0.67 0.40
0.28 0.64 0.28
0.39 0.98 0.91
0.55 0.59 0.03
0.56 0.94 0.20
0.23 0.70 0.65
0.42 0.26 0.12
0.08 0.98 0.01
0.52 0.88 0.30
0.85 0.40 0.23
0.59 0.81 0.85
0.11 0.88 0.33
0.61 0.22 0.00
0.37 0.95 0.37
0.42 0.96 0.59
0.50 0.91 0.19
0.96 0.96 0.29
0.61 0.59 0.90
0.12 0.81 0.44
0.22 0.95 0.58
0.47 0.05 0.38
0.09 0.94 0.15
0.71 0.47 0.39
0.61 0.47 0.27
0.19 0.39 0.60
0.35 0.82 0.47
0.85 0.82 0.91
0.53 0.93 0.22
0.32 0.01 0.55
0.99 0.88 0.24
0.13 0.96 0.51
0.18 0.71 0.96
0.99 0.65 0.10
0.14 0.37 0.06
0.10 0.46 0.30
0.85 0.83 0.99
0.99 0.37 0.71
0.31 0.65 0.38
0.41 0.37 0.95
0.72 0.49 0.23
0.45 0.72 0.01
0.95 0.85 0.95
0.15 0.38 0.72
1.00 0.47 0.89
0.96 0.99 0.26
0.34 0.29 0.55
0.34 0.83 0.90
0.48 0.59 0.03
0.99 0.97 0.01
0.49 0.76 0.77
0.94 0.37 0.02
0.65 0.87 0.76
0.91 0.49 0.47
0.19 0.93 0.36
0.35 0.24 0.11
0.31 0.88 0.46
0.06 0.29 0.04
0.92 0.05 0.14
0.48 0.66 0.58
0.10 0.49 0.48
0.83 0.64 0.82
0.27 0.99 0.97
0.83 0.97 0.14
0.42 0.71 0.32
0.09 0.84 0.72
0.20 0.33 0.34
0.75 0.72 0.50
0.03 0.24 0.41
0.34 0.78 0.48
0.85 0.09 0.32
0.83 0.09 0.33
0.92 0.08 0.83
0.00 0.69 0.01
0.64 0.66 0.30
0.78 0.65 0.48
0.11 0.23 0.78
0.51 0.68 0.32
0.21 0.28 0.04
0.66 0.00 0.66
0.45 0.19 0.03
0.30 0.82 0.31
0.64 0.52 0.97
0.86 0.13 0.48
0.59 0.76 0.86
0.05 0.50 0.83
0.19 0.31 0.31
0.48 0.88 0.94
0.50 0.12 0.86
0.24 0.05 0.92
0.55 0.68 0.95
0.58 0.41 0.02
0.52 0.76 0.63
0.14 0.36 0.79
0.73 0.16 0.61
0.04 0.61 0.44
0.09 0.04 0.10
0.83 0.25 0.23
0.92 0.50 0.45
0.08 0.33 0.65
0.39 0.86 0.96
0.36 0.80 0.25
0.01 0.08 0.07
0.66 0.03 0.91
0.23 0.44 0.35
0.71 0.14 0.11
0.02 0.02 0.29
0.80 0.32 0.25
0.82 0.78 0.17
0.62 0.04 0.33
0.14 0.43 0.09
0.02 0.70 0.92
0.23 0.76 0.37
0.46 0.55 0.27
0.12 0.90 0.11
0.29 0.68 0.52
0.42 0.80 0.06
0.02 0.97 0.34
0.74 0.06 0.79
0.07 0.58 0.38
0.09 0.91 0.04
0.70 0.43 0.38
0.82 0.94 0.40
0.81 0.53 0.95
0.23 0.61 0.07
0.44 0.23 0.35
0.63 0.84 1.00
0.16 0.50 1.00
0.41 0.53 0.64
0.66 0.11 0.69
0.84 0.91 0.21
0.51 0.76 0.22
0.92 0.06 0.24
0.09 0.27 0.65
0.85 0.83 0.63
0.96 0.59 0.89
0.24 0.20 0.38
0.23 0.16 0.89
0.28 0.02 0.34
0.99 0.34 0.91
0.68 0.96 0.68
0.20 0.27 0.86
0.93 0.45 0.26
0.36 0.31 0.52
0.01 0.78 0.25
0.18 0.63 0.57
0.37 0.89 0.20
0.44 0.29 0.89
0.25 0.93 0.72
0.86 0.24 0.70
0.78 0.78 0.49
0.40 0.09 0.20
0.78 0.69 0.16
0.42 0.10 0.23
0.35 0.72 0.01
0.57 0.76 0.00
0.65 0.69 1.00
0.60 0.66 0.90
0.52 0.11 0.04
0.40 0.62 0.83
0.93 0.87 0.75
0.74 0.82 0.16
0.36 0.05 0.80
1.00 0.55 0.39
0.36 0.68 0.75
0.24 0.15 0.40
0.21 0.31 0.90
0.09 0.90 0.79
0.90 0.10 0.83
0.37 0.50 0.06
0.05 0.36 0.63
0.07 0.93 0.60
0.10 0.26 0.08
0.65 0.70 0.92
0.84 0.97 0.33
0.02 0.60 0.90
0.21 0.82 0.12
0.82 0.85 0.13
0.62 0.91 0.91
0.19 0.34 0.40
0.94 0.21 0.38
0.11 0.81 0.41
0.13 0.42 0.46
0.04 0.30 0.64
0.62 0.52 0.85
0.39 0.37 0.65
0.37 0.25 0.37
0.31 0.68 0.67
0.72 0.36 0.09
0.66 0.86 0.66
0.71 0.65 0.33
0.32 0.75 0.29
0.83 0.83 0.81
0.36 0.54 0.81
0.49 0.17 0.82
0.34 0.02 0.68
0.12 0.89 0.87
0.60 0.78 0.96
0.70 0.96 0.50
0.64 0.52 0.28
0.49 0.85 0.13
0.97 0.62 0.71
0.19 0.73 0.48
0.88 0.40 0.29
0.23 0.82 0.93
0.03 0.61 0.07
0.85 0.56 0.10
0.97 0.11 0.51
0.82 0.09 0.95
0.49 0.34 0.54
0.53 0.00 0.74
0.30 0.24 0.23
0.64 0.47 0.27
0.02 0.02 0.11
0.62 0.55 0.83
0.67 0.35 0.38
0.24 0.10 0.24
0.03 0.43 0.78
0.22 0.54 0.92
0.48 0.23 0.43
0.21 0.20 0.56
0.70 0.12 0.49
0.15 0.11 0.46
0.71 0.82 0.63
0.18 0.20 0.54
0.26 0.86 0.92
0.24 0.36 0.09
0.01 0.86 0.57
0.45 0.19 0.49
0.85 0.22 0.60
0.85 0.67 0.99
0.57 0.47 0.74
0.32 0.30 0.15
0.86 0.22 0.83
0.48 0.42 0.98
0.97 0.45 0.79
0.86 0.22 0.34
0.14 0.29 0.57
0.69 0.96 0.38
0.44 0.62 0.34
0.99 0.00 0.50
0.57 0.43 0.08
0.27 1.00 0.93
0.85 0.97 0.30
0.93 0.98 0.54
0.04 0.39 0.83
0.43 0.73 0.28
0.80 0.12 1.00
0.85 0.91 0.29
0.63 0.11 0.96
0.36 0.89 0.65
0.72 0.35 0.43
0.66 0.92 0.21
0.20 0.09 0.03
0.25 0.62 0.12
0.77 0.84 0.06
0.02 0.10 0.13
0.66 0.82 0.44
0.96 0.16 0.85
0.47 0.28 0.18
0.85 0.67 0.99
0.53 0.84 0.47
0.02 0.98 0.99
0.69 0.91 0.63
0.85 0.02 0.41
0.68 0.34 0.32
0.36 0.43 0.06
0.37 0.69 0.10
0.60 0.76 0.86
0.53 0.68 0.93
0.07 0.07 0.96
0.20 0.92 0.09
0.96 0.84 0.59
0.68 0.60 0.29
0.96 0.05 0.96
0.50 0.15 0.54
0.93 0.73 0.46
0.61 0.71 0.96
0.27 0.28 0.33
0.80 0.58 0.53
0.71 0.03 0.08
0.86 0.84 0.53
0.07 0.00 0.52
0.22 0.18 0.36
0.65 0.51 0.38
0.15 0.16 0.67
0.81 0.17 0.62
0.05 0.54 0.05
0.07 0.69 0.95
0.58 0.74 0.91
0.46 0.18 0.10
0.23 0.95 0.91
0.62 0.50 0.18
0.16 0.22 0.77
0.04 0.19 0.15
0.82 0.20 0.86
0.72 0.52 0.24
0.80 0.75 0.76
0.03 0.57 0.48
0.26 0.26 0.18
0.95 0.05 0.67
0.83 0.74 0.50
0.93 0.31 0.58
0.29 0.36 0.46
0.46 0.94 0.62
0.37 0.33 0.82
0.18 0.99 0.59
0.02 0.63 0.04
0.04 0.67 0.56
0.51 0.28 0.90
0.31 0.01 0.87
0.18 0.96 0.44
0.05 0.83 0.39
0.14 0.58 0.18
0.71 1.00 0.40
0.70 0.81 0.48
0.12 0.58 0.79
0.29 0.70 0.85
0.39 0.79 0.77
0.57 0.38 0.92
0.32 0.60 0.98
0.92 0.99 0.65
0.54 0.21 0.97
0.22 0.77 0.13
0.61 0.67 0.99
0.23 0.92 0.39
0.52 0.84 0.47
0.20 0.41 0.53
0.01 0.37 0.33
0.80 0.10 0.49
0.83 0.83 0.26
0.78 0.46 0.43
0.72 0.33 0.57
0.13 0.22 0.43
0.85 0.02 0.02
0.78 0.52 0.27
0.77 0.76 0.12
0.66 0.56 0.45
0.16 0.05 0.18
0.08 0.84 0.20
0.37 0.03 0.64
0.30 0.12 0.97
0.34 0.06 0.39
0.03 0.25 0.33
0.82 0.21 0.78
0.07 0.52 0.04
0.10 0.08 0.16
0.97 0.29 0.40
0.04 0.19 0.30
0.67 0.84 0.78
0.85 0.33 0.16
0.57 0.62 0.52
0.50 0.48 0.72
0.36 0.62 0.78
0.81 0.69 0.36
0.60 0.98 0.57
0.89 0.39 0.61
0.14 0.60 0.34
0.92 0.79 0.93
0.25 0.23 0.70
0.70 0.92 0.65
0.53 0.73 0.08
0.09 0.52 0.13
0.62 0.24 0.53
0.83 0.83 0.52
0.82 0.30 0.65
0.84 0.71 0.92
0.00 0.28 0.88
0.31 0.46 0.39
0.59 0.50 0.72
0.88 0.08 0.40
0.41 0.38 0.22
0.70 0.76 0.12
0.80 0.31 0.62
0.36 0.21 0.51
0.84 0.49 0.88
0.39 0.38 0.99
0.10 0.31 0.91
0.90 0.56 0.02
0.68 0.23 0.42
0.57 0.43 0.14
0.93 0.61 0.96
0.55 1.00 0.23
0.46 0.10 0.06
0.32 0.93 0.41
0.72 0.58 0.24
1.00 0.53 0.25
0.44 0.99 0.49
0.83 0.01 0.48
0.99 0.84 0.61
0.29 0.99 0.55
0.97 0.45 0.44
0.12 0.39 0.18
0.67 0.74 0.29
0.88 0.24 0.90
0.60 0.95 0.11
0.90 0.12 0.37
0.72 0.07 0.91
0.37 0.14 0.47
0.08 0.16 0.73
0.91 0.64 0.94
0.75 0.27 0.61
0.57 0.38 0.00
0.53 0.53 0.68
0.42 0.70 0.29
0.85 0.66 0.88
0.90 0.62 0.17
0.70 0.87 0.32
0.93 0.93 0.41
0.66 0.88 0.00
0.66 0.95 0.91
0.07 0.85 0.29
0.62 0.40 0.36
0.19 0.28 0.90
0.95 0.30 0.37
0.31 0.23 0.29
0.09 0.09 0.81
0.80 0.32 0.98
0.17 0.33 0.50
0.37 0.72 0.96
0.44 0.28 0.27
0.14 0.79 0.44
0.90 0.47 0.22
0.18 0.91 0.95
0.08 0.21 0.31
0.33 0.13 0.31
0.91 0.08 0.55
0.75 0.01 0.32
0.19 0.90 0.91
0.16 0.28 0.87
0.55 0.89 0.03
0.23 0.07 0.68
0.83 0.94 0.33
0.15 0.84 0.20
0.43 0.37 0.75
0.94 0.43 0.20
0.15 0.72 0.07
0.51 0.56 0.12
0.17 0.83 0.62
0.85 0.96 0.40
0.30 0.01 0.56
0.05 0.90 0.92
0.99 0.81 0.01
0.06 0.30 0.64
0.26 0.38 0.11
0.37 0.93 0.41
0.37 0.72 0.86
0.54 0.11 0.25
0.30 0.64 0.21
0.63 0.62 0.37
0.10 0.25 0.48
0.75 0.97 0.75
0.58 0.87 0.71
0.03 0.68 0.25
0.34 0.80 0.84
0.51 0.27 0.17
0.27 0.01 0.61
0.10 0.36 0.04
0.18 0.98 0.02
0.36 0.19 0.71
0.74 0.80 0.71
0.60 0.69 0.93
0.30 0.72 0.36
0.45 0.52 0.03
0.41 0.35 0.27
0.30 0.00 0.90
0.19 0.18 0.86
0.31 0.65 0.19
0.88 0.60 0.45
0.38 0.18 0.61
0.12 0.46 0.07
0.16 0.30 0.64
0.65 0.84 0.45
0.14 0.05 0.49
0.63 0.91 0.56
0.41 0.19 0.96
0.77 0.43 0.25
0.48 0.03 0.75
0.91 0.67 0.78
0.84 0.74 0.88
0.67 0.77 0.28
0.85 0.37 0.19
0.55 0.68 0.42
0.15 0.72 0.51
0.79 0.85 0.48
0.01 0.91 0.74
0.18 0.25 0.58
0.31 0.96 0.68
0.37 0.67 0.32
0.63 0.28 0.66
0.70 0.34 0.11
0.64 0.42 0.59
0.23 0.45 0.50
0.22 0.73 0.39
0.50 0.16 0.07
0.98 0.67 0.84
0.60 0.72 0.31
0.79 0.95 0.33
0.04 0.82 0.00
0.07 0.91 0.14
0.07 0.34 0.19
0.46 0.15 0.12
0.65 0.41 0.79
0.39 0.76 0.04
0.08 0.85 0.68
0.58 0.37 0.66
0.63 0.81 0.98
0.89 0.40 0.01
0.31 0.10 0.22
0.22 0.85 0.22
0.60 0.38 0.09
0.81 0.73 0.32
0.05 0.23 0.24
0.13 0.09 0.21
0.50 0.71 0.42
0.98 0.02 0.78
0.24 0.61 0.43
0.82 0.07 0.31
0.45 0.91 0.33
0.14 0.10 0.16
0.28 0.10 0.20
0.45 0.59 0.04
0.63 0.54 0.24
0.10 0.28 0.32
0.51 0.51 0.34
0.17 0.55 0.14
0.28 0.21 0.40
0.26 0.60 0.17
0.21 0.54 0.69
0.59 0.78 0.39
0.95 0.94 0.72
0.62 0.61 0.83
0.96 0.43 0.08
0.74 0.02 0.33
0.21 0.32 0.06
0.75 0.87 0.82
0.05 0.02 0.75
0.56 0.11 0.43
0.07 0.67 0.90
0.64 0.17 0.57
0.43 0.27 0.99
0.28 0.02 0.45
0.94 0.51 0.70
0.97 0.31 0.26
0.36 0.17 0.33
0.58 0.21 0.26
0.62 0.43 0.56
0.94 0.88 0.59
0.50 0.56 0.34
0.03 0.50 0.93
0.24 0.50 0.59
0.18 0.51 0.85
0.07 0.58 0.41
0.59 0.80 0.01
0.83 0.70 0.06
0.22 0.23 0.92
0.47 0.60 0.91
0.23 0.46 0.53
0.83 0.11 0.74
0.05 0.14 0.78
0.02 0.54 0.42
0.48 0.89 0.52
0.69 0.57 0.83
0.32 0.03 0.31
0.31 0.68 0.66
0.43 0.02 0.85
0.43 0.39 0.29
0.80 0.95 0.74
0.04 0.54 0.26
0.44 0.52 0.84
0.47 0.01 0.74
0.55 0.27 0.05
0.92 0.70 0.57
0.70 0.26 0.55
0.10 0.96 0.22
0.00 0.92 0.67
0.16 0.41 0.08
0.47 0.46 0.77
0.83 0.36 0.95
0.57 0.81 0.26
0.36 0.33 0.86
0.86 0.37 0.86
0.14 0.69 0.99
0.19 0.06 0.96
0.64 0.98 0.94
0.71 0.89 0.35
0.21 0.29 0.27
0.38 0.99 0.15
0.18 0.25 0.21
0.81 0.80 0.45
0.21 0.83 0.60
0.51 0.85 0.35
0.89 0.28 0.60
0.88 0.18 0.32
0.62 0.96 0.75
0.25 0.08 0.26
0.35 0.48 0.49
0.48 0.91 0.86
0.79 0.16 0.05
0.38 0.50 0.20
0.39 0.40 0.54
0.67 0.72 0.17
0.86 0.69 0.83
0.66 0.92 0.29
0.34 0.59 0.78
0.97 0.33 0.57
0.47 0.75 0.90
0.27 0.81 0.74
0.75 0.90 0.59
0.90 0.03 0.82
0.79 0.92 0.25
0.92 0.90 0.36
0.61 0.07 0.25
0.80 0.42 0.07
0.93 0.64 0.75
0.28 0.67 0.58
0.86 0.11 0.02
0.19 0.53 0.11
0.31 0.84 0.05
0.40 0.50 0.82
0.54 0.39 0.12
0.20 0.76 0.80
0.34 0.70 0.60
0.33 0.35 0.48
0.66 0.31 0.94
0.45 0.11 0.58
0.10 0.38 0.09
0.56 0.51 0.61
0.98 0.06 0.93
0.89 0.83 0.95
0.27 0.72 0.14
0.47 0.04 0.02
0.27 0.76 0.18
0.61 0.38 0.13
0.84 0.61 0.53
0.76 0.75 0.44
0.25 0.43 0.23
0.01 0.83 0.56
0.05 0.58 0.95
0.85 0.16 0.35
0.22 0.10 0.73
0.75 0.75 0.86
0.32 0.12 0.49
0.19 0.05 0.67
0.41 0.92 0.33
1.00 0.16 0.69
0.61 0.30 0.54
0.67 0.48 0.96
0.17 0.66 0.30
0.97 0.38 0.69
0.14 0.31 0.96
0.25 0.36 0.56
0.75 0.83 0.57
0.92 0.26 0.93
0.06 0.51 0.70
0.75 0.66 0.29
0.31 0.41 0.05
0.01 0.60 0.56
0.01 0.24 0.81
0.25 0.02 0.25
0.48 0.57 0.08
0.88 0.49 0.20
0.34 0.44 0.55
0.81 0.38 0.06
0.13 0.74 0.58
0.71 0.25 0.47
0.63 0.10 0.01
0.42 0.89 0.77
0.67 0.33 0.39
0.68 0.60 0.96
0.05 0.98 0.76
0.34 0.28 0.87
0.86 0.42 0.64
0.26 0.67 0.13
0.44 0.35 0.22
0.17 0.24 0.52
0.65 0.47 0.33
0.06 0.25 0.22
0.69 0.31 0.83
0.09 1.00 0.57
0.00 0.61 0.87
0.57 0.53 0.87
0.37 0.97 0.41
0.28 0.17 0.92
0.47 0.59 0.72
0.77 0.48 0.35
0.56 0.73 0.58
0.14 0.49 0.63
0.68 0.33 0.58
0.08 0.14 0.13
0.72 0.07 0.46
0.01 0.20 0.52
0.76 0.55 0.94
0.34 0.69 0.49
0.16 0.54 0.88
0.44 0.80 0.38
0.50 0.83 0.25
0.50 0.13 0.55
0.56 0.63 0.07
0.46 0.62 0.19
0.79 0.41 0.77
0.62 0.41 0.26
0.01 0.90 0.13
0.36 0.80 0.14
0.10 0.25 0.36
0.19 0.70 0.76
0.04 0.25 0.60
0.31 0.82 0.91
0.72 0.59 0.31
0.97 0.45 0.44
0.59 0.36 0.01
0.93 0.14 0.31
0.10 0.43 0.43
0.80 0.16 0.54
0.94 0.10 0.94
0.55 0.38 0.01
0.73 0.42 0.32
0.88 0.32 0.10
0.14 0.38 0.14
0.00 0.85 0.70
0.34 0.78 0.82
0.48 0.92 0.32
0.86 0.60 0.43
0.66 0.19 0.18
0.27 0.17 0.36
0.64 0.62 0.02
0.10 0.04 0.88
0.58 0.51 0.85
0.61 0.08 0.47
0.76 0.72 0.15
0.63 0.12 0.38
0.33 0.08 0.82
0.58 0.77 0.98
0.76 0.84 0.92
0.19 1.00 0.37
0.02 0.84 0.40
0.61 0.73 0.48
0.70 0.47 0.67
0.48 0.90 0.69
0.99 0.89 0.32
0.69 0.65 0.25
0.56 0.73 0.84
0.28 0.88 0.15
0.41 0.23 0.58
0.08 0.90 0.12
0.15 0.22 0.80
0.81 0.10 0.05
0.70 0.43 0.92
0.12 0.60 0.06
0.99 0.55 0.30
0.77 0.50 0.15
0.32 0.58 0.22
0.78 0.27 0.04
0.62 0.04 0.70
0.59 0.09 0.29
0.46 0.67 0.16
0.51 0.56 0.34
0.41 0.76 0.21
0.43 0.01 0.39
0.18 0.47 0.23
0.62 0.09 0.41
0.12 0.86 0.95
0.94 0.34 0.91
0.20 0.66 0.56
0.06 0.21 0.51
0.23 0.89 0.08
0.89 0.42 0.37
0.87 0.68 0.92
0.21 0.22 0.34
0.68 0.85 0.04
0.35 0.94 0.67
0.67 0.05 0.12
0.06 0.65 0.47
0.41 0.71 0.37
0.73 0.01 0.11
0.09 0.52 0.94
0.01 0.28 0.84
0.91 0.54 0.12
0.05 0.19 0.16
0.47 0.70 0.17
0.28 0.98 0.51
0.68 0.21 0.69
0.04 0.65 0.20
0.00 0.05 0.91
0.61 0.08 0.63
0.56 0.87 0.86
0.64 0.73 0.90
0.91 0.75 0.07
0.70 0.04 0.83
0.60 0.92 0.32
0.82 0.89 0.50
0.29 0.45 0.49
0.68 0.60 0.37
0.82 0.74 0.83
0.00 0.85 0.64
0.06 0.94 0.10
0.91 0.42 0.10
0.63 0.75 0.30
0.66 0.62 0.91
0.84 0.52 0.39
0.28 0.67 0.30
0.93 0.30 0.65
0.54 0.13 0.22
0.97 0.21 0.18
0.22 0.98 0.92
0.18 0.29 0.72
0.99 0.21 0.70
0.66 0.75 0.94
0.69 0.59 0.14
0.95 0.22 0.15
0.17 0.18 0.78
0.53 0.14 0.97
0.50 0.89 0.83
0.59 0.97 0.22
0.76 0.41 0.15
0.39 0.80 0.64
0.10 0.77 0.80
0.50 0.59 0.39
0.04 0.61 0.08
0.19 0.29 0.18
0.63 0.18 0.72
0.38 0.26 0.83
0.76 0.14 0.55
0.64 0.47 0.50
0.60 0.47 0.02
0.81 0.86 0.53
0.40 0.71 0.39
0.63 0.79 0.52
