0.10 0.93 0.98 0.10 0.52
0.40 0.56 0.28 1.00 0.50
0.40 0.61 0.08 0.20 0.34
0.60 0.83 0.93 0.04 0.08
0.71 0.03 0.92 0.17 0.50
0.71 0.73 0.36 0.21 0.25
0.34 0.42 0.99 0.62 0.05
0.52 0.28 0.50 0.50 0.19
0.64 0.02 0.90 0.88 0.56
0.08 0.21 0.14 0.47 0.98
0.43 0.90 0.94 0.95 0.87
0.28 0.24 0.73 0.80 0.66
0.94 0.50 0.44 0.38 0.74
0.47 0.08 0.92 0.52 0.25
0.27 0.37 0.45 0.91 0.31
0.68 0.91 0.39 0.08 0.08
0.81 0.09 0.01 0.85 0.84
0.34 0.46 0.01 1.00 0.79
0.98 0.22 0.54 0.65 0.84
0.70 0.66 0.66 0.42 0.04
0.17 0.61 0.52 0.29 0.69
0.32 0.50 0.79 0.26 0.03
0.56 0.35 0.01 0.02 0.59
0.68 0.15 0.80 0.61 0.98
0.15 0.12 0.66 0.27 0.55
0.30 0.05 1.00 0.31 0.03
0.31 0.95 0.52 0.71 0.45
0.91 0.39 0.75 0.61 0.34
0.98 0.87 0.23 0.55 0.82
0.58 0.03 0.99 0.39 0.21
0.24 0.83 0.71 0.25 0.08
0.27 0.36 0.62 0.28 0.34
0.05 0.58 0.13 0.34 0.88
0.01 0.65 0.01 0.50 0.45
0.70 0.48 0.29 0.19 0.94
0.62 0.68 0.26 0.22 0.33
0.53 0.61 0.99 0.15 0.41
0.21 0.81 0.79 0.27 0.54
0.59 0.21 0.79 0.69 0.62
0.50 0.25 0.31 0.94 0.99
0.61 0.06 1.00 0.64 0.88
0.94 0.74 0.44 0.59 0.31
0.94 0.55 0.05 0.14 0.57
0.94 0.42 0.12 0.33 0.90
0.79 0.36 0.09 0.82 0.05
0.48 0.55 0.45 0.43 0.74
0.84 0.91 0.54 0.40 0.87
0.70 0.38 0.03 0.08 0.55
0.32 0.63 0.57 0.47 0.99
0.80 0.68 0.54 0.41 0.18
0.98 0.62 0.93 0.16 0.27
0.93 0.71 0.13 0.60 0.02
0.50 0.26 0.48 0.60 0.33
0.02 0.44 0.77 0.95 0.13
0.65 0.90 0.89 0.06 0.24
0.84 0.53 0.63 0.84 0.42
0.24 0.02 0.25 0.49 0.12
0.00 0.24 0.57 0.69 0.54
0.29 0.43 0.28 0.43 0.88
0.90 0.66 0.70 0.49 0.82
0.67 0.26 0.50 0.36 0.90
0.10 0.92 0.62 0.86 0.55
0.24 0.43 0.38 0.09 0.85
0.78 0.27 0.37 0.54 0.36
0.18 0.97 0.47 0.42 0.34
0.89 0.10 0.54 0.13 0.61
0.56 0.28 0.62 0.08 0.94
0.04 0.14 0.58 0.60 0.82
0.69 0.11 0.51 0.16 0.81
0.96 0.88 0.79 0.48 0.17
0.39 0.60 0.06 0.09 0.54
0.43 0.93 0.97 0.19 0.92
0.13 0.90 0.60 0.08 0.28
0.39 0.29 0.21 0.15 0.89
0.22 0.13 0.41 0.77 0.37
0.63 0.96 0.10 0.14 0.81
0.61 0.21 0.58 0.32 0.89
0.91 0.96 0.99 0.86 0.10
0.70 0.98 0.43 0.71 0.64
0.82 0.78 0.57 0.68 0.19
0.73 0.50 0.29 0.90 0.02
0.66 0.62 0.86 0.65 0.33
0.09 0.37 0.87 0.09 0.25
0.19 0.27 0.51 0.31 0.47
0.06 0.68 0.50 0.52 0.70
0.49 0.81 0.50 0.07 0.47
0.38 0.74 0.96 0.27 0.48
0.18 0.91 0.17 0.56 0.31
0.22 0.16 0.45 0.77 0.73
0.72 0.47 0.20 0.46 0.47
0.83 0.73 0.85 0.66 0.28
0.24 0.90 0.58 0.15 0.16
0.90 0.39 0.05 0.96 0.19
0.11 0.55 0.47 0.32 0.27
0.13 0.30 0.25 0.81 0.36
0.98 0.49 0.92 0.84 0.39
0.51 0.30 0.73 0.76 0.67
0.93 0.84 0.43 0.90 0.52
0.10 0.54 0.83 0.65 0.93
0.14 0.14 0.63 0.07 0.76
0.62 0.66 0.16 0.18 0.85
0.49 0.54 0.57 0.45 0.18
0.95 0.63 0.42 0.86 0.99
0.45 0.59 0.37 0.39 0.06
0.57 0.73 0.74 0.90 0.35
0.77 0.67 0.41 0.88 0.81
0.73 0.61 0.95 0.26 0.96
0.74 0.85 0.43 0.07 0.13
0.46 0.67 0.22 0.58 0.36
0.07 0.27 0.07 0.32 0.62
0.09 0.61 0.31 0.62 0.07
0.85 0.59 0.71 0.79 0.52
0.56 0.69 0.81 0.21 0.57
0.02 0.63 0.84 0.86 0.36
0.07 0.43 0.10 0.16 0.95
0.45 0.28 0.37 0.91 0.87
0.22 0.25 0.20 0.33 0.81
0.25 0.49 0.46 0.58 0.01
0.74 0.22 0.64 0.98 0.09
0.17 0.69 0.94 0.21 0.11
0.45 0.12 0.95 0.62 1.00
0.66 0.77 0.67 0.62 0.03
0.53 0.91 0.12 0.02 0.23
0.96 0.41 0.12 0.75 0.10
0.64 0.30 0.37 0.19 0.81
0.14 0.63 0.33 0.26 0.38
0.44 0.86 0.90 0.47 0.59
0.50 0.83 0.04 0.16 0.81
0.61 0.68 0.21 0.88 0.63
0.19 0.71 0.28 0.35 0.27
0.34 0.48 0.22 0.82 0.72
0.54 0.49 0.07 0.16 0.07
0.39 0.73 0.29 0.37 0.39
0.33 0.90 0.26 0.18 0.29
0.92 0.33 0.09 0.17 0.55
0.12 0.88 0.45 0.91 0.85
0.66 0.55 0.44 0.63 0.97
0.97 0.88 0.53 0.97 0.41
0.38 0.93 0.01 0.26 0.71
0.71 0.09 0.74 0.85 0.35
0.55 0.99 0.74 0.86 0.66
0.83 0.46 0.79 0.77 0.56
0.11 0.38 0.62 0.43 0.75
0.46 0.21 0.74 0.12 0.03
0.75 0.92 0.22 0.70 0.93
0.40 0.24 0.04 0.56 0.59
0.42 0.84 0.77 0.67 0.06
0.59 0.28 0.76 0.54 0.19
0.21 0.35 0.51 0.30 0.74
0.66 0.29 0.31 0.14 0.95
0.19 0.78 0.34 0.09 0.08
0.15 0.01 0.83 0.97 0.70
0.35 0.53 0.23 0.84 0.69
0.77 0.74 0.34 0.74 0.29
0.22 0.12 0.08 0.30 0.28
0.67 0.93 0.70 0.40 0.10
0.20 0.67 0.80 0.68 0.14
0.78 0.25 0.93 0.51 0.90
0.53 0.93 0.80 0.27 0.68
0.75 0.84 0.52 0.40 0.00
0.25 0.45 0.51 0.05 0.86
0.46 0.44 0.72 0.04 0.99
0.74 0.15 0.41 0.53 0.07
0.11 0.45 0.46 0.29 0.64
0.87 0.19 0.75 0.15 0.90
0.30 0.74 0.51 0.83 0.93
0.50 0.48 0.03 0.23 0.73
0.48 0.53 0.18 0.59 0.40
0.81 0.69 0.82 0.97 0.62
0.73 0.80 0.44 0.33 0.21
0.91 0.84 0.57 0.08 0.26
0.11 0.71 0.86 0.13 0.31
0.41 0.16 0.16 0.40 0.31
1.00 0.29 0.64 0.32 0.05
0.29 0.12 0.32 0.54 0.24
0.75 0.59 0.71 0.95 0.62
0.49 0.02 0.66 0.83 0.16
0.58 0.25 0.63 0.59 0.60
0.89 0.75 0.61 0.05 0.28
0.90 0.31 0.71 0.19 0.72
0.68 0.85 0.69 0.92 0.46
0.14 0.73 0.43 0.70 0.26
0.44 0.52 0.23 0.70 0.35
0.84 0.54 0.68 0.81 0.77
0.07 0.17 0.89 0.70 0.11
0.46 0.14 0.43 0.03 0.52
0.39 0.52 0.94 0.61 0.26
0.43 0.32 0.20 0.75 0.56
0.62 0.35 0.70 0.71 0.87
0.37 0.58 0.31 0.47 0.95
0.63 0.45 0.16 0.78 0.13
0.75 0.41 0.10 0.26 0.16
0.69 0.15 0.13 0.23 0.88
0.87 0.81 0.14 0.31 0.58
0.67 0.62 0.98 0.98 0.02
0.96 0.28 0.05 0.77 0.35
0.33 0.24 0.93 0.60 0.23
0.66 0.66 0.74 0.76 0.84
0.97 0.85 0.33 0.40 1.00
0.96 0.47 0.98 0.38 0.83
0.62 0.03 0.45 0.80 0.65
0.87 0.01 0.70 0.54 0.12
0.25 0.72 0.16 0.69 0.89
0.03 0.75 0.72 0.22 0.09
0.24 0.27 0.86 0.94 0.12
0.79 0.05 0.65 0.73 0.63
0.38 0.39 0.47 0.75 0.90
0.30 0.60 0.75 0.38 1.00
0.82 0.38 0.11 0.37 0.87
0.47 0.88 0.11 0.12 0.22
0.05 0.73 0.59 0.89 0.30
0.01 0.08 0.60 0.50 0.09
0.60 0.48 0.73 0.67 0.50
0.76 0.35 0.74 0.83 0.78
0.57 0.48 0.92 0.37 0.59
0.00 0.05 0.10 0.39 0.64
0.28 0.40 0.66 0.17 0.01
0.32 0.55 0.71 0.60 0.53
0.05 0.51 0.55 0.11 0.72
0.77 0.86 0.25 0.31 0.78
0.74 0.60 0.60 0.52 0.65
0.17 0.21 0.11 0.88 0.78
0.26 0.81 0.24 0.15 0.39
0.74 0.63 0.22 0.69 0.28
0.89 0.86 0.62 0.70 0.29
0.24 0.24 0.00 0.18 0.22
0.48 0.50 0.71 0.81 0.92
0.43 0.88 0.31 0.50 0.93
0.40 0.88 0.93 0.56 0.34
0.15 0.73 0.51 0.85 0.80
0.89 0.93 0.60 0.68 0.61
0.17 0.31 0.54 0.23 0.57
0.19 0.13 0.73 0.38 0.64
0.92 0.56 0.05 0.25 0.20
0.98 0.23 0.16 0.11 0.81
0.73 0.40 0.44 0.28 0.53
0.64 0.33 0.24 0.70 0.17
0.12 0.47 0.76 0.54 0.33
0.95 0.72 0.36 0.34 0.04
0.77 0.88 0.15 0.17 0.38
0.39 0.95 0.13 0.67 0.42
0.21 0.91 0.74 1.00 0.61
0.91 0.13 0.40 0.28 0.07
0.53 0.97 0.65 0.73 0.65
0.57 0.40 0.60 0.62 0.49
0.46 0.88 0.50 0.15 0.70
0.16 0.17 0.09 0.65 0.40
0.12 0.75 0.78 0.40 0.70
0.98 0.12 0.57 0.68 0.39
0.05 0.06 0.37 0.34 0.59
0.08 0.46 0.55 0.53 0.24
0.60 0.61 0.84 0.58 0.55
0.60 0.56 0.85 1.00 0.51
0.57 0.59 0.05 0.81 0.82
0.24 0.56 0.72 0.46 0.29
0.80 0.28 0.53 0.25 0.07
0.13 0.46 0.81 0.61 0.73
0.55 0.71 0.72 0.72 0.62
0.52 0.99 0.11 0.28 0.14
0.18 0.34 0.40 0.61 0.11
0.80 0.44 0.44 0.16 0.35
0.54 0.09 0.77 0.39 0.53
0.13 0.40 0.94 0.17 0.96
0.99 0.97 0.10 0.82 0.18
0.32 0.01 0.37 0.58 0.61
0.72 0.56 0.12 0.63 0.17
0.13 0.27 0.38 0.97 0.08
0.00 0.29 0.37 0.74 0.58
0.80 0.59 0.31 0.99 0.98
0.99 0.34 0.67 0.80 0.38
0.75 0.68 0.20 0.52 0.51
0.04 0.55 0.60 0.44 0.60
0.40 0.70 0.83 0.20 0.14
0.24 0.62 0.73 0.59 0.51
0.12 0.15 0.58 0.79 0.78
0.56 0.65 0.36 0.86 0.59
0.83 0.20 0.38 0.31 0.33
0.98 0.43 0.23 0.06 0.19
0.25 0.12 0.42 0.41 0.89
0.48 0.80 0.92 0.72 0.45
0.14 0.05 0.21 0.86 0.96
0.89 0.63 0.18 0.47 0.65
0.02 0.73 0.62 0.98 0.24
0.40 0.14 0.12 0.32 0.38
0.64 0.32 0.17 0.55 0.68
0.54 0.83 0.82 0.70 0.05
0.15 0.96 0.32 0.34 0.29
0.72 0.03 0.29 0.11 0.44
0.37 0.28 0.58 0.92 0.27
0.87 0.93 0.33 0.63 0.45
0.66 0.45 0.08 0.12 0.88
0.66 0.06 0.81 0.52 0.39
0.71 0.28 0.52 0.41 0.70
0.89 0.62 0.36 0.04 0.84
0.68 0.06 0.65 0.54 0.10
0.48 0.08 0.46 0.71 0.58
0.87 0.24 0.15 0.75 0.63
0.58 0.12 0.06 0.65 0.17
0.88 0.63 0.48 0.75 0.24
0.48 0.06 0.09 0.22 0.14
0.42 0.45 0.82 0.04 0.28
0.32 0.73 0.41 0.70 0.47
0.38 0.76 0.63 0.93 0.25
0.68 0.91 0.25 0.22 0.05
0.52 0.39 0.56 1.00 0.20
0.33 0.52 0.97 0.53 0.60
0.90 0.01 0.91 0.39 0.41
0.60 0.09 0.52 0.21 0.18
0.01 0.08 0.46 0.30 0.82
0.36 0.66 0.85 0.37 0.21
0.00 0.83 0.29 0.08 0.32
0.20 0.80 0.67 0.99 0.52
0.55 0.14 0.86 0.40 0.30
0.62 0.30 0.47 0.37 0.15
0.82 0.60 0.05 0.59 0.77
0.13 0.98 0.31 0.30 0.11
0.98 0.83 0.83 0.71 0.02
0.03 0.13 0.62 0.90 0.86
0.21 0.46 0.47 0.88 0.83
0.98 0.90 0.55 0.58 0.96
0.74 0.24 0.96 0.50 0.31
0.94 0.70 0.94 0.07 0.65
0.46 0.52 0.16 0.92 0.60
0.50 0.46 0.83 0.60 0.13
0.39 0.78 0.37 0.79 0.23
0.57 0.98 0.08 0.62 0.39
0.00 0.80 0.96 0.18 0.21
0.17 0.51 0.02 0.71 0.61
0.97 0.24 0.31 0.19 0.80
0.49 0.82 0.46 0.67 0.76
0.83 0.18 0.10 0.78 0.19
0.25 0.17 0.98 0.79 0.74
0.07 0.13 0.73 0.63 0.51
0.66 0.54 0.64 0.79 0.16
0.95 0.03 0.22 0.94 0.13
0.26 0.09 0.60 0.77 0.76
0.83 0.49 0.97 0.10 0.20
0.83 0.38 0.39 0.10 0.35
0.20 0.42 0.86 0.96 0.54
0.87 0.52 0.06 0.09 0.41
0.44 0.51 0.11 0.95 0.67
0.79 0.92 0.76 0.41 0.42
0.79 0.65 0.25 0.56 0.37
0.58 0.14 0.09 0.94 0.50
0.62 0.73 0.06 0.75 0.93
0.91 0.61 0.16 0.38 0.79
0.12 0.38 0.05 0.43 0.01
0.79 0.61 0.25 0.40 0.03
0.14 0.89 0.47 0.70 0.75
0.39 0.54 0.91 0.37 0.25
0.16 0.15 0.03 0.21 0.29
0.46 0.80 0.07 0.66 0.85
0.12 0.96 0.81 0.86 0.71
0.50 0.38 0.94 0.57 0.80
0.76 0.78 0.81 0.04 0.76
0.11 0.53 0.58 0.49 0.10
0.22 0.91 0.22 0.31 0.41
0.07 0.99 0.40 0.70 0.62
0.71 0.28 0.75 0.61 0.29
0.82 0.73 0.00 0.08 0.28
0.03 0.61 0.66 0.31 0.86
0.97 0.32 0.58 0.69 0.93
0.51 0.24 0.97 0.66 0.83
0.76 0.35 0.32 0.17 0.05
0.16 0.41 0.44 0.61 0.25
0.53 0.42 1.00 0.22 0.11
0.21 0.11 0.27 0.80 0.88
0.88 0.10 0.61 0.02 0.87
0.03 0.66 0.12 0.03 0.43
0.61 0.45 0.07 0.61 0.52
0.27 0.36 0.02 0.70 0.31
0.12 0.11 0.94 0.64 0.14
0.50 0.10 0.55 0.44 0.22
0.86 0.35 0.33 1.00 0.15
0.87 0.81 0.50 0.68 0.11
0.12 0.69 0.64 0.92 0.26
0.87 0.83 0.44 0.70 0.19
0.02 0.61 0.90 0.49 0.64
0.94 0.92 0.36 0.74 0.93
0.24 0.73 0.45 0.75 0.42
0.90 0.12 0.94 0.05 0.44
0.65 0.88 0.27 0.00 0.31
0.92 0.04 0.51 0.35 0.14
0.67 0.56 0.61 0.04 0.93
0.86 0.18 0.32 0.96 0.45
0.08 0.04 0.39 0.26 0.12
0.65 0.14 0.95 0.60 0.39
0.16 0.23 0.15 0.17 0.78
0.14 0.73 0.00 0.01 0.52
0.60 0.76 0.58 0.19 0.66
0.04 0.04 0.05 0.13 0.53
0.59 0.09 0.81 0.64 0.35
0.70 0.76 0.29 0.87 0.03
0.29 0.59 0.15 0.56 0.06
0.31 0.79 0.41 0.88 0.83
0.28 0.61 0.07 0.23 0.01
0.06 0.35 0.74 0.57 0.41
0.29 0.72 0.68 0.14 0.13
0.79 0.77 0.81 0.99 0.73
0.95 0.48 0.14 0.12 0.23
0.34 0.26 0.03 0.32 0.99
0.68 0.99 0.77 0.10 0.95
0.90 0.47 0.31 0.33 0.23
0.92 0.20 0.48 0.49 0.44
0.96 0.47 0.30 0.61 0.72
0.13 0.51 0.28 0.14 0.52
0.08 0.96 0.85 0.11 0.78
0.54 0.06 0.35 0.10 0.03
0.96 0.25 0.11 0.26 0.87
0.51 0.40 0.85 0.32 0.47
0.81 0.41 0.78 0.66 0.26
0.48 0.41 0.70 0.33 0.65
0.45 0.58 0.03 0.14 0.37
0.31 0.91 0.49 0.62 0.91
0.47 0.27 0.01 0.45 0.78
0.80 0.28 0.56 0.41 0.47
0.26 0.72 0.38 0.83 0.91
0.96 0.60 0.71 0.18 0.67
0.44 0.74 0.96 0.70 0.44
0.25 0.84 0.88 0.70 0.94
0.02 0.91 0.11 0.50 0.96
0.73 0.60 0.08 0.60 0.88
0.89 0.87 0.01 0.73 0.66
0.64 0.45 0.14 0.52 0.77
0.61 0.31 0.87 0.15 0.07
0.56 0.39 0.66 0.54 0.16
0.29 0.22 0.46 0.61 0.25
0.63 0.57 0.85 0.22 0.75
0.48 0.51 0.98 0.19 0.91
0.89 0.39 0.29 0.34 0.77
0.36 0.04 0.98 0.72 0.88
0.13 0.35 0.97 0.23 0.37
0.25 0.69 0.02 0.37 0.24
0.21 0.75 0.20 0.40 0.60
0.99 0.12 0.85 0.03 0.45
0.55 0.82 0.80 0.71 0.23
0.80 0.12 0.69 0.80 0.41
0.91 0.88 0.86 0.34 0.64
0.84 0.81 0.78 0.93 0.18
0.23 0.09 0.96 0.19 0.91
0.11 0.34 0.92 0.44 0.12
0.10 0.29 0.57 0.01 0.94
0.33 0.44 0.74 0.13 0.93
0.63 0.86 0.13 0.26 0.64
0.28 0.16 0.25 0.74 0.24
0.92 0.10 0.04 0.32 0.24
0.56 0.49 0.87 0.08 0.32
0.40 0.35 0.51 0.70 0.28
0.45 0.10 0.01 0.80 0.69
0.17 0.88 0.98 0.18 0.52
0.34 0.21 0.64 0.95 0.66
0.62 0.29 0.09 0.62 0.12
0.12 0.99 0.10 0.50 0.87
0.96 0.70 0.32 0.70 0.73
0.23 0.83 0.94 0.41 0.62
0.31 0.10 0.40 0.13 0.41
0.12 0.77 0.31 0.99 0.62
0.33 0.97 0.06 0.06 0.64
0.79 0.12 0.25 0.61 0.83
0.93 0.68 0.37 0.46 0.40
0.45 0.19 0.61 0.42 0.70
0.28 0.97 0.32 0.48 0.84
0.33 0.47 0.99 0.50 0.85
0.65 0.25 0.04 0.60 0.91
0.17 0.79 0.59 0.60 0.12
0.50 0.74 0.82 0.76 0.05
0.19 0.86 0.70 0.77 0.91
0.66 0.68 0.19 0.85 0.53
0.44 0.22 0.81 0.35 0.74
0.87 0.54 0.18 0.64 0.62
0.54 0.95 0.63 0.01 0.74
0.49 0.83 0.65 0.90 0.18
0.25 0.79 0.27 0.32 0.46
0.51 0.42 0.38 0.87 0.83
0.57 0.15 0.62 0.03 0.50
0.48 0.07 0.36 0.79 0.06
0.02 0.53 0.96 0.51 0.84
0.47 0.64 0.67 0.29 0.76
0.79 0.26 0.87 0.09 0.69
0.73 0.69 0.12 0.71 0.14
0.86 0.96 0.09 0.03 0.47
0.69 0.26 0.57 0.77 0.96
0.31 0.00 0.22 0.74 0.90
0.91 0.42 0.84 0.02 0.29
0.93 0.08 0.39 0.93 0.07
0.58 0.75 0.65 0.55 0.08
0.88 0.05 0.30 0.06 0.61
0.21 0.72 0.67 0.64 0.68
0.06 0.73 0.47 0.59 0.05
0.06 0.58 0.43 0.98 0.08
0.59 0.90 0.12 0.01 0.82
0.59 0.16 0.94 0.94 0.83
0.30 0.05 0.70 0.48 0.11
0.58 0.61 0.35 0.04 0.66
0.73 0.72 0.10 1.00 0.52
0.38 0.52 0.43 0.05 0.96
0.69 0.76 0.49 0.04 0.17
0.63 0.37 0.66 0.37 0.50
0.05 0.89 0.61 0.86 0.98
0.21 0.67 0.43 0.52 0.27
0.05 0.74 0.93 0.96 0.94
0.85 0.53 0.79 0.69 0.32
0.94 0.01 1.00 0.87 0.49
0.06 0.91 0.04 0.43 0.86
0.29 0.07 0.37 0.28 0.59
0.11 0.45 0.05 0.22 0.36
0.31 0.73 0.52 1.00 0.65
0.80 0.33 0.20 0.96 0.87
0.52 0.42 0.62 0.11 0.40
0.32 0.62 0.60 0.14 0.18
0.79 0.78 0.94 0.97 0.95
0.42 0.22 0.03 0.57 0.96
0.75 0.81 0.83 0.07 0.50
0.51 0.91 0.14 0.29 0.23
0.21 0.63 0.96 0.00 0.86
0.42 1.00 0.07 0.86 0.38
0.40 0.67 0.29 0.23 0.79
0.12 0.20 0.62 0.87 0.61
0.80 0.95 0.32 0.36 0.32
0.13 0.98 0.98 0.27 0.88
0.54 0.58 0.96 0.40 0.47
0.70 0.73 0.06 0.11 0.42
0.84 0.08 0.75 0.92 0.33
0.21 0.42 0.20 0.39 0.04
0.78 0.42 0.12 0.31 0.90
0.24 0.65 0.44 0.43 0.81
0.14 0.85 0.75 0.79 0.74
0.39 0.15 0.19 0.56 0.89
0.69 0.46 0.46 0.15 0.71
0.36 0.78 0.29 0.51 0.17
0.11 0.91 0.22 0.82 0.80
0.09 0.08 0.03 0.29 0.04
0.92 0.56 0.39 0.35 0.81
0.84 0.12 0.50 0.50 0.18
0.04 0.99 0.70 0.92 0.66
0.60 0.11 0.32 0.92 0.28
0.10 0.26 0.95 0.88 0.88
0.37 0.26 0.80 0.50 0.98
0.04 0.32 0.06 0.12 0.51
0.40 0.80 0.17 0.72 0.46
0.28 0.49 0.19 0.10 0.25
0.54 0.68 0.39 0.31 0.16
0.71 0.41 0.60 0.77 0.66
0.85 0.06 0.34 0.55 0.46
0.78 0.32 0.25 0.98 0.66
0.67 0.19 0.52 0.14 0.20
0.43 0.44 0.67 0.55 0.82
0.61 0.67 0.75 0.89 0.95
0.99 0.73 0.70 0.75 0.72
0.71 0.71 0.73 0.22 0.47
0.35 0.19 0.99 0.82 0.45
0.53 0.18 0.92 0.64 0.71
0.03 0.52 0.64 0.30 0.62
0.62 0.62 0.67 0.03 0.44
0.29 0.78 0.06 0.80 0.68
0.44 0.49 0.21 0.23 0.94
0.14 0.68 0.87 0.71 0.51
0.10 0.06 0.33 0.69 0.10
0.69 0.50 0.89 0.03 0.54
0.18 0.81 0.69 1.00 0.47
0.26 0.22 0.74 0.53 0.03
0.49 0.47 0.29 0.10 0.57
0.43 0.10 0.09 0.44 0.39
0.98 0.60 0.57 0.93 0.18
0.04 0.53 0.56 0.30 0.27
0.90 0.84 0.10 0.68 0.24
0.16 0.80 0.78 0.39 0.78
0.67 0.27 0.79 0.98 0.05
0.96 0.82 0.36 0.07 0.74
0.46 0.77 0.63 0.92 0.47
0.09 0.28 0.04 0.58 0.05
0.17 0.28 0.31 0.64 0.88
0.04 0.29 0.86 0.74 0.07
0.00 0.69 0.67 0.50 0.70
0.64 0.46 0.39 0.55 0.46
0.10 0.14 0.33 0.04 0.08
0.39 0.08 0.06 0.06 0.30
0.15 0.40 0.44 0.96 0.56
0.05 0.91 0.97 0.41 0.21
0.37 0.36 0.87 0.47 0.14
0.21 0.84 0.62 0.87 0.02
0.37 0.16 0.92 0.80 0.93
0.36 0.25 0.54 0.61 0.86
0.53 0.14 0.92 0.42 0.27
0.44 0.94 0.95 0.85 0.63
0.94 0.95 0.93 0.17 0.43
0.90 0.54 0.30 0.74 0.10
0.62 0.17 0.56 0.40 0.34
0.34 0.85 0.74 0.84 0.92
0.13 0.55 0.99 0.35 0.68
0.15 0.25 0.53 0.92 0.24
0.34 0.16 0.69 0.91 0.90
0.22 0.95 0.60 0.22 0.05
0.60 0.60 0.08 0.31 0.26
0.41 0.42 0.95 0.23 0.11
0.88 0.18 0.21 0.70 0.24
0.93 0.22 0.74 0.78 0.87
0.32 0.44 0.64 0.91 0.55
0.78 0.08 0.70 0.25 0.53
0.98 0.80 0.29 0.51 0.39
0.79 0.07 0.66 0.99 0.80
0.13 0.41 0.04 0.42 0.06
0.08 0.69 0.87 0.38 0.78
0.78 0.61 0.69 0.76 0.78
0.13 0.95 0.01 0.11 0.06
0.28 0.19 0.88 0.63 0.43
0.92 0.10 0.95 0.26 0.66
0.56 0.05 0.42 0.45 0.23
0.49 0.77 0.42 0.69 0.00
0.62 0.47 0.85 0.00 0.92
0.24 0.04 0.53 0.38 0.08
0.14 0.62 0.73 0.49 0.52
0.39 0.45 0.68 0.80 0.90
0.72 0.24 0.63 0.41 0.38
0.67 0.31 0.50 0.50 0.20
0.71 0.87 0.80 0.60 0.81
0.32 0.16 0.56 0.70 0.89
0.61 0.72 0.49 0.90 0.73
0.17 0.32 0.07 0.39 0.88
0.24 0.71 0.55 0.63 0.14
0.32 0.50 0.72 0.54 0.73
0.58 0.03 0.95 0.62 0.62
0.57 0.02 0.97 0.10 0.98
0.80 0.80 0.63 0.03 0.90
0.30 0.03 0.90 0.91 0.92
0.66 0.97 0.09 0.96 0.26
0.28 0.28 0.60 0.48 0.95
0.78 0.00 0.66 0.48 0.29
1.00 0.67 0.93 0.04 0.82
0.54 0.02 0.57 0.11 0.89
0.60 0.96 0.93 0.90 0.14
0.55 0.40 0.30 0.08 0.66
0.96 0.16 0.47 0.77 0.75
0.89 0.27 0.58 0.21 0.05
0.14 0.97 0.73 0.97 0.34
0.79 0.79 0.30 0.81 0.69
0.69 0.26 0.21 0.86 0.04
0.32 0.93 0.84 0.60 0.75
0.73 0.40 0.23 0.73 0.93
0.42 0.14 0.79 0.99 0.78
0.15 0.37 0.76 0.07 0.08
0.66 0.81 0.04 0.75 0.91
0.30 0.99 0.53 0.45 0.18
0.97 0.68 0.26 0.76 0.15
0.45 0.66 0.68 0.83 0.64
0.37 0.59 0.40 0.46 0.53
0.66 0.56 0.45 0.57 0.72
0.03 0.87 0.33 0.11 0.48
0.11 0.31 0.13 0.29 0.52
0.60 0.77 0.77 0.27 0.75
0.98 0.50 0.45 0.90 0.26
0.35 0.92 0.47 0.26 0.54
0.81 0.80 0.42 0.27 0.03
0.11 0.75 0.32 0.42 1.00
0.01 0.28 0.34 0.68 0.10
0.57 0.27 0.48 0.36 0.98
0.82 0.67 0.61 0.89 0.72
0.08 0.12 0.36 0.16 0.01
0.02 0.59 0.19 0.16 0.36
0.31 0.84 0.19 0.74 0.99
0.48 0.28 0.27 0.07 0.30
0.73 0.06 0.11 0.28 0.65
0.70 0.04 0.01 0.86 0.28
0.62 0.63 0.43 0.80 0.83
0.36 0.36 0.38 0.27 0.34
0.12 0.73 0.11 0.22 0.14
0.64 0.90 0.37 0.20 0.23
0.31 0.81 0.10 0.36 0.55
0.91 0.55 0.86 0.58 0.30
0.87 0.02 0.43 0.31 0.09
0.29 0.76 0.05 0.19 0.26
0.86 0.47 0.43 0.68 0.89
0.85 0.67 0.19 0.65 0.89
0.43 0.30 0.84 0.08 0.40
0.90 0.43 0.57 0.28 0.09
0.87 0.97 0.06 0.86 0.95
0.58 0.40 0.58 0.40 0.70
0.83 0.27 0.93 0.59 0.83
0.81 0.90 0.87 0.16 0.78
0.08 0.30 0.75 0.37 0.35
0.45 0.78 0.87 0.27 0.75
0.36 0.29 0.36 0.17 0.80
0.82 1.00 0.62 0.56 0.16
0.72 0.02 0.82 0.95 0.12
0.87 0.88 0.71 0.58 0.35
0.40 0.88 0.97 0.52 0.29
0.33 0.06 0.28 0.87 0.10
0.05 0.78 0.15 0.98 1.00
0.45 0.56 0.69 0.99 0.27
0.57 0.15 0.37 0.08 0.67
0.54 0.30 0.37 0.96 0.56
0.98 0.75 0.25 0.11 0.79
0.77 0.53 0.88 0.11 0.14
0.70 0.88 0.02 0.89 0.28
0.60 0.62 0.17 0.15 0.98
0.84 0.01 0.19 0.38 0.44
0.90 0.53 0.13 0.51 0.39
0.87 0.23 0.21 0.57 0.80
0.89 0.87 1.00 0.04 0.05
0.35 0.14 0.91 0.81 0.29
0.53 0.90 0.76 0.81 0.02
0.21 0.98 0.33 0.49 0.43
0.42 0.23 0.56 0.72 0.45
0.09 0.47 0.81 0.57 0.74
0.45 0.32 0.34 0.49 0.43
0.52 0.52 0.08 0.86 0.63
0.89 0.90 0.50 0.06 0.12
0.60 0.46 0.25 0.17 0.61
0.31 0.63 0.94 0.37 0.69
0.77 0.73 0.34 0.87 0.35
0.78 0.75 0.28 0.43 0.62
0.50 0.25 0.82 0.84 0.42
0.45 0.48 0.12 0.48 0.79
0.04 0.81 0.50 0.60 0.05
0.67 0.37 0.66 0.54 0.23
0.48 0.07 0.07 0.78 0.67
0.59 0.22 0.74 0.09 0.25
0.36 0.72 0.99 0.88 0.89
0.63 0.21 0.24 0.62 0.36
0.03 0.45 0.99 0.71 0.55
0.14 0.49 0.06 0.01 0.72
0.95 0.63 0.76 0.33 0.54
0.60 0.49 0.22 0.40 0.18
0.18 0.92 0.82 0.51 0.36
0.92 0.35 0.63 0.97 0.50
0.59 1.00 0.58 0.64 0.55
0.45 0.49 0.98 0.57 0.59
0.74 0.18 0.19 0.38 0.69
0.44 0.96 0.33 0.76 0.32
0.52 0.70 0.75 0.44 0.27
0.95 0.07 0.83 0.06 0.34
0.12 0.23 0.08 0.00 0.50
0.06 0.69 0.99 0.38 0.36
0.09 0.36 0.51 0.11 0.07
0.22 0.22 0.75 0.38 0.25
0.99 0.51 0.62 0.85 0.89
0.65 0.13 0.64 0.93 0.22
0.59 0.49 0.41 0.89 0.16
0.70 0.34 0.45 0.00 0.76
0.71 0.09 0.96 0.44 0.40
0.68 0.76 0.07 0.63 0.01
0.32 0.97 0.89 0.99 0.59
0.97 0.73 0.58 0.68 0.40
0.84 0.96 0.94 0.79 0.79
0.37 0.70 0.83 0.90 0.81
0.37 0.71 0.13 0.37 0.23
0.43 0.90 0.50 0.43 0.18
0.40 0.57 0.79 0.68 0.25
0.77 0.81 0.16 0.85 0.08
0.68 0.75 0.09 0.46 0.34
0.70 0.79 0.72 0.77 0.34
0.33 0.80 0.77 0.07 0.63
0.61 0.46 0.12 0.29 0.19
0.21 0.37 0.33 0.80 0.92
0.32 0.29 0.34 0.97 0.35
0.88 0.77 0.13 0.71 0.07
0.70 0.10 0.95 0.70 0.89
0.38 0.72 0.90 0.41 0.51
0.88 0.62 0.70 0.20 0.37
0.73 0.37 0.19 0.15 0.03
0.96 0.82 0.45 0.78 0.38
0.77 0.89 0.97 0.44 0.24
0.93 0.29 0.24 0.18 0.65
0.66 0.26 0.64 0.98 0.28
0.58 0.41 0.99 0.10 0.40
0.08 0.12 0.20 0.55 0.24
0.19 0.94 0.15 0.92 0.96
0.79 0.02 0.66 0.71 0.75
0.33 0.97 0.98 0.73 0.89
0.84 0.24 0.93 0.78 0.52
0.45 0.94 0.71 0.96 0.04
0.45 0.45 0.79 0.84 0.55
0.27 0.04 0.16 0.18 0.88
0.34 0.31 0.64 0.88 0.64
0.33 0.55 0.15 0.18 0.81
0.72 0.69 0.50 0.09 0.67
0.23 0.50 0.38 0.75 0.91
0.82 0.97 0.79 0.33 0.84
0.24 0.05 0.30 0.81 0.61
0.04 0.81 0.85 0.74 0.03
0.17 0.66 0.04 0.87 0.52
0.01 0.07 0.72 0.22 0.47
0.62 0.69 0.44 0.71 0.47
0.75 0.36 0.50 0.36 0.75
1.00 0.64 0.84 0.92 0.20
0.09 0.57 0.86 0.59 0.70
0.12 0.54 0.36 0.67 0.99
0.31 0.46 0.64 0.22 0.56
0.44 0.19 0.67 0.63 0.27
0.79 0.16 0.55 0.95 0.92
0.54 0.89 0.85 0.32 0.60
0.19 0.41 0.09 0.84 0.63
0.51 0.46 0.60 0.56 0.86
0.87 0.62 0.68 0.35 0.16
0.47 0.84 0.18 0.10 0.03
0.78 0.78 0.72 0.83 0.32
0.15 0.90 0.64 0.03 0.90
0.04 0.49 0.21 0.50 0.06
0.39 0.36 0.99 0.95 0.79
0.46 0.70 0.80 0.43 0.50
0.70 0.44 0.09 0.36 0.79
0.12 0.06 0.05 0.33 0.12
0.94 0.97 0.11 0.08 0.15
0.76 0.98 0.13 0.24 0.40
0.63 0.69 0.02 0.52 0.41
0.56 0.76 0.40 0.22 0.02
0.16 0.48 0.00 0.52 0.26
0.62 0.12 0.72 0.97 0.39
0.11 0.24 0.99 0.21 0.38
0.71 0.14 0.09 0.40 0.18
0.83 0.23 0.55 0.73 0.81
0.18 0.87 0.61 0.17 0.06
0.72 0.62 0.42 0.95 0.87
0.45 0.13 0.08 0.56 0.14
0.65 0.70 0.73 0.89 0.15
0.77 0.95 0.94 0.09 0.54
0.61 0.46 0.77 0.57 0.24
0.80 0.20 0.93 0.02 0.75
0.75 0.96 0.69 0.26 0.88
0.36 0.11 0.44 0.34 0.56
0.56 0.00 0.16 0.78 0.54
0.04 0.80 1.00 0.45 0.75
0.04 0.62 0.37 0.19 0.13
0.36 0.74 0.91 0.30 0.01
0.92 0.33 0.77 0.20 0.88
0.98 0.37 0.45 0.15 0.68
0.90 0.22 0.40 0.06 0.66
0.25 0.01 0.58 0.30 0.34
0.40 0.65 0.55 0.95 0.49
0.35 0.42 0.74 0.32 0.48
0.28 0.99 0.39 0.12 0.33
0.84 0.46 0.34 0.49 0.15
0.51 0.58 0.65 0.06 0.36
1.00 0.25 0.42 0.18 0.49
0.72 0.10 0.42 0.72 0.11
0.22 0.04 0.52 0.33 0.88
0.63 0.87 0.28 0.51 1.00
0.85 0.94 0.24 0.22 0.46
0.76 0.31 0.66 0.26 0.15
0.52 0.42 0.74 0.93 0.43
0.99 0.94 0.93 0.27 0.63
0.73 0.69 0.57 0.19 0.18
0.33 0.86 0.43 0.84 0.88
0.71 0.93 0.47 0.24 0.24
0.70 0.58 0.81 0.95 0.42
0.77 0.81 0.16 0.49 0.49
0.69 0.80 0.05 0.54 0.51
0.96 0.21 0.00 0.66 0.83
0.86 0.48 0.68 0.66 0.35
0.45 0.34 0.51 0.55 0.91
0.10 0.18 0.25 0.59 0.88
0.02 0.97 0.45 0.40 0.53
0.04 0.49 0.22 0.15 0.09
0.19 0.00 0.84 0.71 0.55
0.17 0.81 0.44 0.47 0.36
0.02 0.05 0.85 0.71 0.56
0.19 0.87 0.20 0.08 0.21
0.88 0.34 0.48 0.97 0.06
0.40 0.02 0.40 0.25 0.68
0.61 0.72 0.28 0.42 0.42
0.56 0.75 0.23 0.07 0.65
0.64 0.36 0.19 1.00 0.53
0.08 0.13 0.70 0.15 0.03
0.72 0.64 0.50 0.71 0.57
0.92 0.36 0.63 0.39 0.87
0.48 0.02 0.32 0.71 0.09
0.38 0.71 0.84 0.05 0.28
0.71 0.71 0.01 0.57 0.97
0.12 0.43 0.59 0.70 0.37
0.47 0.19 0.87 0.82 0.18
0.61 0.13 0.62 0.89 0.57
0.66 0.24 0.35 0.87 0.17
0.23 1.00 0.54 0.09 0.20
0.51 0.61 0.11 0.99 0.17
0.61 0.74 0.63 0.25 0.07
0.42 0.64 0.73 0.61 0.74
0.82 0.62 0.05 0.20 0.82
0.02 0.04 0.03 0.55 0.34
0.69 0.24 0.57 0.45 0.28
0.80 0.88 0.65 0.24 0.48
0.04 0.44 0.74 0.24 0.02
0.55 0.75 0.01 0.31 0.12
1.00 0.61 0.78 0.20 0.78
0.31 0.96 0.90 0.13 0.38
0.13 0.66 0.11 0.28 0.05
0.25 0.12 0.57 0.42 0.58
0.05 0.27 0.73 0.21 0.19
0.96 0.40 0.49 0.94 0.66
0.81 0.27 0.26 0.93 0.70
0.55 0.37 0.95 0.96 0.95
0.23 0.05 0.62 0.36 0.69
0.99 0.34 0.80 0.62 0.65
0.71 0.31 0.19 0.78 0.65
0.86 0.71 0.39 0.87 0.61
0.62 0.03 0.15 0.32 0.28
0.55 0.15 0.68 0.95 0.13
0.10 0.32 0.94 0.52 0.69
0.52 0.48 0.21 0.54 0.60
0.69 0.11 0.12 0.46 0.36
0.29 0.78 0.61 0.27 0.32
0.75 0.24 0.99 0.61 0.01
0.20 0.19 0.36 0.65 0.92
0.48 0.59 0.31 0.90 0.54
0.83 0.03 0.92 0.72 0.50
0.43 0.41 0.49 0.22 0.43
0.06 0.56 0.19 0.50 0.80
0.56 0.18 0.85 0.33 0.73
0.49 0.92 0.49 0.19 0.55
0.61 0.67 0.26 0.28 0.52
0.83 0.12 0.52 0.37 0.39
0.83 0.00 0.70 0.57 0.70
0.70 0.79 0.76 0.53 0.66
0.78 0.90 0.90 0.60 0.27
0.06 0.61 0.41 0.67 0.21
0.87 0.05 0.43 0.30 0.95
0.23 0.82 0.24 0.18 0.22
0.21 0.53 0.93 0.68 0.41
0.69 0.80 0.26 0.23 0.55
0.66 0.68 0.25 0.74 0.72
0.41 0.54 0.49 0.76 0.58
0.25 0.21 0.74 0.04 0.12
0.42 0.25 0.66 0.08 0.66
0.61 0.64 0.79 0.38 0.49
0.35 0.98 0.30 0.56 0.78
0.95 0.49 0.21 0.62 0.99
0.61 0.78 0.14 0.87 0.60
0.52 0.12 0.35 0.01 0.99
0.12 0.84 0.75 0.04 0.19
0.55 0.63 0.71 0.27 0.45
0.34 0.38 0.00 0.91 0.02
0.77 0.98 0.36 0.03 0.51
0.79 0.03 0.89 0.44 0.93
0.72 0.57 0.07 0.20 0.84
0.51 0.69 0.51 0.89 0.40
0.92 0.81 0.58 0.21 0.76
0.93 0.84 0.69 0.25 1.00
0.86 0.51 0.15 0.32 0.73
0.58 0.19 0.13 0.37 0.57
0.50 0.78 0.78 0.26 0.08
0.63 0.28 0.11 0.92 0.53
0.16 0.70 0.45 0.25 0.35
0.33 0.25 0.98 0.57 0.47
0.74 0.26 0.39 0.57 0.75
0.58 0.91 0.77 0.67 0.58
0.96 0.46 0.26 0.62 0.17
0.19 0.68 0.39 0.09 0.30
0.66 0.45 0.51 0.79 0.28
0.44 0.11 0.77 0.85 0.33
0.75 0.03 0.74 0.56 0.08
0.19 0.75 0.89 0.76 0.05
0.16 0.78 0.92 0.67 0.23
0.94 0.93 0.08 0.27 0.40
0.91 0.91 0.53 0.42 0.59
0.86 0.06 0.78 0.75 0.69
0.04 0.55 0.81 0.77 0.10
0.49 0.07 0.06 0.56 0.76
0.40 0.37 0.41 0.61 0.85
0.55 0.49 0.09 0.99 0.86
0.17 0.73 0.17 0.86 0.61
0.15 0.27 0.02 0.32 0.26
0.20 0.46 0.48 0.18 0.03
0.62 0.24 0.88 0.96 0.33
0.67 0.43 0.90 0.60 0.46
0.25 0.24 0.72 0.07 0.89
0.19 0.77 0.63 0.83 0.50
0.43 0.42 0.90 0.06 0.07
0.40 0.58 0.87 0.84 0.99
0.74 0.23 0.83 0.72 0.30
0.28 0.94 0.73 0.96 0.99
0.62 0.03 0.03 0.74 0.06
0.50 0.13 1.00 0.57 0.11
0.04 0.52 0.93 0.02 0.26
0.64 0.94 0.47 0.12 0.64
0.31 0.11 0.11 0.14 0.59
0.10 0.14 0.75 0.15 0.12
0.29 0.27 0.79 0.67 0.72
0.67 0.15 0.85 0.26 0.15
0.60 0.35 0.83 0.03 0.73
0.80 0.32 0.78 0.42 0.25
0.14 0.43 0.40 0.59 0.12
0.79 0.63 0.31 0.16 0.79
0.19 0.84 0.91 0.82 0.35
0.08 0.92 0.44 0.80 0.16
0.23 0.11 0.26 0.21 0.69
0.97 0.84 0.70 0.17 0.02
0.00 0.01 0.30 0.98 0.70
0.07 0.65 0.24 0.57 0.12
0.89 0.12 0.51 0.22 0.70
0.02 0.17 0.75 0.59 0.33
0.16 0.44 0.85 0.44 0.58
0.52 0.00 0.97 0.84 0.05
0.50 0.97 0.71 0.18 0.32
0.10 0.99 0.61 0.27 0.02
0.86 0.54 0.67 0.37 0.24
0.57 0.81 0.55 0.37 0.93
0.86 0.45 0.48 0.20 0.64
0.12 0.53 0.62 0.39 0.91
0.12 0.94 0.51 0.78 0.23
0.72 0.87 0.37 0.74 0.68
0.75 0.07 0.27 0.87 0.80
