0.03 0.12 0.09 0.70
0.47 0.42 0.06 0.56
0.04 0.76 0.68 0.05
0.71 0.80 0.52 0.09
0.50 0.93 0.54 0.50
0.69 0.06 0.60 0.26
0.82 0.65 0.37 0.96
0.91 0.03 0.24 0.02
0.21 0.95 0.49 0.38
0.89 0.62 0.93 0.42
0.75 0.51 0.80 0.05
0.92 0.30 0.69 0.93
0.98 0.83 0.41 0.43
0.15 0.17 0.59 0.36
0.01 0.47 0.14 0.51
0.29 0.42 0.13 0.81
0.23 0.76 0.95 0.06
0.82 0.78 0.60 0.89
0.25 0.81 0.05 0.97
0.89 0.29 0.79 0.60
0.78 0.85 0.81 0.71
0.85 0.45 0.48 0.47
0.33 0.62 0.79 0.33
0.70 0.92 0.77 0.91
0.30 0.08 0.20 0.77
0.24 0.97 0.73 0.93
0.45 0.67 0.61 0.74
0.88 0.57 0.09 0.80
0.99 0.98 0.51 0.37
0.70 0.23 0.82 0.90
0.88 1.00 0.58 0.04
0.63 0.03 0.31 0.90
0.30 0.80 0.02 0.79
0.00 0.73 0.71 0.81
0.07 0.97 0.56 0.56
0.11 0.18 0.72 0.80
0.61 0.11 0.01 0.23
0.74 0.99 0.31 0.11
0.83 0.08 0.75 0.64
0.62 0.41 0.03 0.89
0.45 0.97 0.66 0.27
0.49 0.83 0.63 0.63
0.03 0.83 0.10 0.98
0.61 0.22 0.69 0.11
0.38 0.21 0.46 0.07
0.78 0.01 0.68 0.86
0.00 0.96 0.73 0.74
0.05 0.73 0.24 0.38
0.38 0.69 0.63 0.42
0.43 0.85 0.98 0.82
0.68 0.57 0.55 0.91
0.04 0.98 0.46 0.02
0.54 0.06 0.64 0.96
0.92 0.30 0.59 0.05
0.56 0.60 0.03 0.87
0.74 0.18 0.48 0.04
0.74 0.58 0.84 0.61
0.62 0.18 0.61 0.27
0.61 0.09 0.45 0.34
0.51 0.97 0.36 0.83
0.78 0.72 0.07 0.05
0.75 0.76 0.45 0.44
0.18 0.94 0.44 0.72
0.80 0.20 0.24 0.95
0.41 0.59 0.43 0.91
0.82 0.28 0.11 0.65
0.42 0.77 0.97 0.81
0.52 0.57 0.81 0.50
0.00 0.62 0.25 0.63
0.50 0.97 0.81 0.07
0.96 0.06 0.46 0.91
0.47 0.29 0.60 0.36
0.73 0.50 0.89 0.54
0.43 0.83 0.85 0.02
0.04 0.88 0.23 0.18
0.71 0.33 0.21 0.91
0.61 0.64 0.98 0.53
0.74 0.84 0.06 0.47
0.83 0.82 0.50 0.03
0.72 0.64 0.28 0.33
0.86 0.31 0.75 0.69
0.73 0.49 1.00 0.94
0.25 0.23 0.54 0.64
0.48 0.38 0.40 0.39
0.02 0.73 0.55 0.19
0.84 0.11 0.49 0.16
0.65 0.39 0.00 0.12
0.30 0.09 0.35 0.15
0.94 0.36 0.56 0.67
0.04 0.31 0.32 0.43
0.81 0.40 0.87 0.95
0.23 0.95 0.41 0.65
0.06 0.17 0.92 0.25
0.74 0.01 0.02 0.10
0.47 0.52 0.39 0.59
0.36 0.33 0.85 0.56
0.65 0.03 0.93 0.60
0.57 0.77 1.00 0.87
0.01 0.16 0.04 0.16
0.88 0.86 0.92 0.95
0.40 0.09 0.50 0.94
0.42 0.43 0.11 0.33
0.69 0.56 0.80 0.71
0.29 0.44 0.12 0.90
0.33 0.59 0.35 0.32
0.62 0.05 0.46 0.91
0.67 0.35 0.04 0.58
0.44 0.81 0.31 0.39
0.59 0.49 0.39 0.22
0.20 0.64 0.98 0.60
0.10 0.41 0.77 0.35
0.77 0.86 0.37 0.06
0.93 0.67 0.73 0.11
0.48 0.22 0.46 0.09
0.16 0.02 0.77 0.41
0.11 0.97 0.38 0.50
0.41 0.33 0.76 0.33
0.96 0.89 0.46 0.30
0.57 0.33 0.10 0.80
0.57 0.66 0.79 0.57
0.02 0.91 0.25 0.24
0.64 0.51 0.17 0.36
0.29 0.04 0.48 0.19
0.54 1.00 0.01 0.41
0.86 0.74 0.25 0.19
0.10 0.82 0.73 0.66
0.15 0.29 0.04 0.89
0.95 0.57 0.31 0.52
0.66 0.04 0.97 0.13
0.18 0.94 0.05 0.54
0.10 0.90 0.92 0.41
0.35 0.61 0.15 0.05
0.05 0.41 0.51 0.49
0.08 0.64 0.49 0.16
0.58 0.39 0.96 0.66
0.80 0.85 0.20 0.65
0.97 0.62 0.68 0.07
0.50 0.42 0.88 0.63
0.98 0.95 0.29 0.32
0.83 0.56 0.65 0.48
0.72 0.79 0.54 0.08
0.90 0.71 0.67 0.31
0.86 0.16 0.53 0.48
0.09 0.81 0.27 0.69
0.17 0.45 0.04 0.28
0.28 0.88 0.39 0.37
0.06 0.75 0.34 0.38
0.33 0.92 0.88 0.01
0.52 0.64 0.15 0.72
0.09 0.70 0.45 0.16
0.85 0.68 0.55 0.05
0.34 0.39 0.75 0.76
0.50 0.42 0.16 0.26
0.41 0.95 0.12 0.70
0.63 0.56 0.79 0.50
0.38 0.89 0.43 0.20
0.68 0.87 0.38 0.54
0.75 0.60 0.85 0.04
0.21 0.57 0.39 0.80
0.91 0.52 0.09 0.03
0.48 0.04 0.22 0.19
0.33 0.37 0.90 0.54
0.29 0.41 0.73 0.58
0.86 0.38 0.83 0.47
0.40 0.05 0.80 0.43
0.60 0.75 0.20 0.04
0.92 0.21 0.82 0.82
0.39 0.71 0.17 0.46
0.47 0.54 0.62 0.02
0.26 0.24 0.74 0.86
0.22 0.14 0.14 0.81
0.97 0.85 0.40 0.92
0.25 0.21 0.72 0.84
0.99 0.39 0.82 0.03
0.11 0.65 0.57 0.63
0.70 0.91 0.51 0.74
0.26 0.11 0.77 0.18
0.22 0.77 0.18 0.42
0.61 0.01 0.97 0.23
0.96 0.35 0.15 0.57
0.00 0.50 0.35 0.80
0.14 0.88 0.89 0.59
0.17 0.48 0.50 0.49
0.25 0.65 0.80 0.60
0.98 0.31 0.75 0.36
0.28 0.62 0.96 0.92
0.52 0.54 0.28 0.36
0.15 0.05 0.00 0.88
0.69 0.16 0.62 0.45
0.05 0.46 0.65 0.60
0.42 0.74 0.86 0.67
0.94 0.69 0.12 0.71
0.05 0.10 0.62 0.05
0.40 0.20 0.02 0.49
0.68 0.45 0.12 0.61
0.19 0.14 0.31 0.34
0.17 0.19 0.78 0.01
0.53 0.05 0.87 0.19
0.08 0.04 0.50 0.58
0.18 0.37 0.91 0.69
0.47 0.49 0.44 0.02
0.05 0.36 0.59 0.48
0.70 0.81 0.75 0.82
0.82 0.96 0.34 0.79
0.64 0.97 0.56 0.08
0.77 0.58 0.36 0.36
0.79 0.20 0.67 0.97
0.47 0.49 0.58 0.39
0.00 0.51 0.49 0.94
0.01 0.81 0.33 0.90
0.32 0.17 0.55 0.91
0.89 0.89 0.65 0.20
0.18 0.29 0.80 0.61
0.02 0.57 0.60 0.06
0.75 0.99 0.94 0.92
0.03 0.01 0.70 0.70
0.31 0.02 0.66 0.93
0.42 0.81 0.28 0.77
0.07 0.23 0.27 0.46
0.45 0.45 0.62 0.40
0.69 0.87 0.93 0.94
0.05 0.52 0.33 0.36
0.97 0.59 0.32 0.39
0.00 0.21 0.78 0.82
0.60 0.44 0.04 0.69
0.84 0.94 0.28 0.10
0.94 0.54 0.48 0.20
0.73 0.38 0.98 0.26
0.91 0.33 0.24 0.84
0.44 0.27 0.51 0.12
0.01 0.41 0.22 0.94
0.30 0.50 0.59 0.36
0.46 0.52 0.24 0.60
0.87 0.35 0.28 0.51
0.28 0.11 0.75 0.59
0.88 0.59 0.19 0.18
0.42 0.11 0.73 0.52
0.86 0.20 0.05 0.72
0.45 0.79 0.89 0.09
0.05 0.03 0.34 0.53
0.15 0.14 0.94 0.03
0.51 0.12 0.58 0.89
0.28 0.89 0.32 0.36
0.95 0.65 0.92 0.36
0.39 0.67 0.71 0.33
0.47 0.79 0.37 0.75
0.62 0.63 0.00 0.40
0.33 0.03 0.72 0.73
0.58 0.46 0.58 0.42
0.12 0.33 0.85 0.97
0.84 0.40 0.70 0.22
0.77 0.67 0.60 0.17
0.01 0.12 0.00 0.86
0.18 0.36 0.53 0.70
0.79 0.37 0.32 0.64
0.63 0.66 0.06 0.57
0.41 0.78 0.40 0.17
0.81 0.66 0.42 0.08
0.43 0.06 0.25 0.41
0.54 0.97 0.87 0.10
0.52 0.94 0.36 0.68
0.98 0.19 0.68 0.71
0.79 0.81 0.41 0.77
0.34 0.91 0.61 0.09
0.01 0.21 0.16 0.69
0.79 0.45 0.93 0.53
0.47 0.15 0.05 0.60
0.14 0.33 0.42 0.53
0.07 0.36 0.79 0.42
0.05 0.65 0.62 0.21
0.67 0.90 0.19 0.16
0.39 0.03 0.76 0.14
0.46 0.70 0.49 0.91
0.36 0.25 0.72 0.93
0.96 0.46 0.91 0.47
0.64 0.32 0.21 0.63
0.80 0.03 0.99 0.07
0.82 0.01 0.02 0.77
0.79 0.29 0.82 0.34
0.31 0.07 0.11 0.77
0.14 0.30 0.59 0.22
0.48 0.78 0.13 0.86
0.00 0.52 0.53 0.42
0.41 0.03 0.46 0.76
0.45 0.20 0.05 0.82
0.56 0.14 0.69 0.55
0.09 0.24 0.27 0.25
0.94 0.86 0.92 0.27
0.45 0.84 0.14 0.89
0.64 0.75 0.52 0.52
0.19 0.03 0.89 0.21
0.29 0.32 0.87 0.75
0.35 0.42 1.00 0.54
0.51 0.58 0.45 0.41
0.67 0.18 0.71 0.74
0.98 0.65 0.18 0.26
0.74 0.25 0.41 0.51
0.13 0.95 0.10 1.00
0.35 0.40 0.19 0.31
0.64 0.44 0.77 0.63
0.35 0.68 0.37 0.17
0.88 0.05 0.21 0.44
0.06 0.59 0.29 0.09
0.43 0.88 0.71 0.09
0.97 0.27 0.25 0.30
0.54 0.34 0.52 0.33
0.09 0.16 0.31 0.09
0.30 0.15 0.55 0.28
0.06 0.17 0.11 0.43
0.26 0.04 0.29 0.68
0.05 0.65 0.18 0.63
0.56 0.38 0.80 0.28
0.35 0.72 0.49 0.07
0.81 0.10 0.13 0.08
0.91 0.74 0.53 0.54
0.39 0.05 0.22 0.14
0.38 0.91 0.96 0.40
0.61 0.34 0.00 0.13
0.70 0.38 0.55 0.14
0.20 0.84 0.34 0.06
0.88 0.60 0.63 0.35
0.22 0.73 0.89 0.21
0.78 0.96 0.09 0.35
0.78 0.51 0.16 0.57
0.12 0.76 0.08 0.51
0.69 0.31 0.87 0.50
0.68 0.89 0.84 0.15
0.94 0.75 0.06 1.00
0.11 0.64 0.78 0.52
0.83 0.05 0.96 0.11
0.60 0.43 0.83 0.11
0.98 0.58 0.36 0.13
0.77 0.56 0.85 0.94
0.81 0.65 0.20 0.92
0.57 0.81 0.49 0.77
0.71 0.74 0.91 0.08
0.99 0.92 0.03 0.39
0.81 0.61 0.58 0.80
0.01 0.90 0.17 0.27
0.32 0.06 0.14 0.07
0.52 0.48 0.18 0.52
0.42 0.07 0.57 0.13
0.99 0.99 0.51 0.75
0.42 0.77 0.62 0.12
0.48 0.64 0.82 0.47
0.16 0.73 0.62 0.78
0.40 0.25 0.79 0.79
0.84 0.01 0.03 0.38
0.90 0.82 0.85 0.84
0.76 0.24 0.88 0.90
0.51 0.80 0.25 0.00
0.47 0.73 0.63 0.32
0.17 0.80 0.47 0.29
0.14 0.11 0.96 0.64
0.94 0.38 0.62 0.79
0.38 0.93 0.90 0.89
0.68 0.17 0.83 0.32
0.95 0.82 0.31 0.31
0.36 0.64 0.04 0.35
0.42 0.08 0.66 0.23
0.33 0.40 0.71 0.06
0.88 0.84 0.08 0.72
0.41 0.16 0.44 0.67
0.63 0.25 0.10 0.13
0.95 0.62 0.85 0.90
0.06 0.67 0.37 0.14
0.82 0.32 0.65 0.78
0.81 0.34 0.15 0.77
0.24 0.27 0.49 0.89
0.84 0.62 0.41 0.13
0.57 0.55 0.33 0.52
0.93 0.63 0.63 0.15
0.40 0.63 0.98 0.66
0.81 0.58 0.86 0.45
0.56 0.09 0.86 0.55
0.84 0.41 0.30 0.41
0.90 0.10 0.02 0.50
0.32 0.90 0.70 0.47
0.75 0.70 0.48 0.86
0.13 0.13 0.84 0.70
0.82 0.57 0.92 0.87
0.85 0.38 0.61 0.24
0.73 0.04 0.95 0.41
0.68 0.73 0.83 0.08
0.84 0.49 0.01 0.86
0.60 0.14 0.32 0.93
0.63 0.02 0.79 0.71
0.75 0.55 0.24 0.71
0.63 0.29 0.34 0.54
0.96 0.58 0.08 0.41
0.47 0.43 0.16 0.15
0.63 0.34 0.94 0.78
0.18 0.99 0.05 0.39
0.45 0.65 0.87 0.90
0.16 0.88 0.67 0.08
0.58 0.68 0.02 0.49
0.87 0.95 0.32 0.47
0.68 0.28 0.44 0.49
0.90 0.55 0.04 0.76
0.83 0.83 0.33 0.50
0.57 0.02 0.45 0.60
0.47 0.57 0.36 0.84
0.98 0.77 0.02 0.61
0.91 0.13 0.88 0.84
0.87 0.57 0.27 0.85
0.14 0.13 0.51 0.63
0.82 0.46 0.52 0.95
0.56 0.70 0.83 0.56
0.22 0.76 0.72 0.81
0.06 0.47 0.08 0.34
0.53 0.23 0.08 0.33
0.56 0.89 0.29 0.81
0.02 0.19 0.20 0.97
0.49 0.15 0.41 0.31
0.13 0.22 0.23 0.47
0.07 0.03 0.94 0.99
0.03 0.11 0.47 0.16
0.50 0.61 0.11 0.28
0.14 0.90 0.59 0.45
0.45 0.14 0.75 0.38
0.24 0.20 0.17 0.10
0.32 0.47 0.61 0.36
0.64 0.55 0.28 0.02
0.20 0.02 0.38 0.64
0.52 0.70 0.39 0.42
0.20 0.16 0.80 0.13
0.16 0.36 0.55 0.18
0.11 0.53 0.07 0.80
0.31 0.02 0.75 0.91
0.08 0.97 0.19 0.66
0.83 0.24 1.00 0.63
0.53 0.38 0.85 0.46
0.81 0.71 0.14 0.40
0.28 0.46 0.71 0.26
0.91 0.96 0.56 0.75
0.10 0.14 0.60 0.01
0.90 0.88 0.56 0.01
0.44 0.52 0.83 0.64
0.48 0.45 0.24 0.82
0.60 0.72 0.80 0.84
0.65 0.84 0.63 0.64
0.60 0.09 0.20 0.18
0.71 0.80 0.08 0.92
0.17 0.67 0.94 0.80
0.91 0.91 0.29 0.63
0.67 0.28 0.66 0.20
0.53 0.68 0.75 0.51
0.09 0.33 0.65 0.17
0.72 0.29 0.17 0.50
0.49 0.35 0.13 0.81
0.68 0.06 0.54 0.03
0.28 0.98 0.19 0.62
0.76 0.14 0.87 0.99
0.68 0.12 0.61 0.41
0.17 0.70 0.26 0.12
0.96 0.08 0.75 0.93
0.37 0.38 0.54 0.47
0.58 0.60 0.29 0.40
0.06 0.25 0.31 0.20
0.38 0.27 0.77 0.93
0.72 0.66 0.57 0.24
0.55 0.50 0.90 0.41
0.77 0.87 0.40 0.79
0.56 0.41 0.21 0.53
0.01 0.22 0.33 0.92
0.48 0.42 0.18 0.11
0.22 0.18 0.49 0.61
0.91 0.25 0.76 0.01
0.36 0.39 0.43 0.25
0.63 0.14 0.09 0.32
0.51 0.86 0.74 0.06
0.37 0.85 0.80 0.42
0.27 0.78 0.59 0.82
0.57 0.99 0.76 0.69
0.71 0.65 0.32 0.07
0.30 0.88 0.19 0.88
0.46 0.53 0.30 0.79
0.59 1.00 0.25 0.78
0.58 0.95 0.92 0.79
0.10 0.31 0.21 0.28
0.05 0.11 0.34 0.81
0.00 0.50 0.03 0.86
0.00 0.24 0.79 0.23
0.37 0.82 0.52 0.58
0.52 0.65 0.67 0.94
0.44 0.10 0.48 0.88
0.28 0.59 0.71 0.20
0.61 0.03 0.70 0.87
0.38 0.61 0.13 0.95
0.52 0.40 0.82 0.07
0.37 0.87 0.08 0.61
0.46 0.68 0.83 0.22
0.46 0.21 0.69 0.99
0.32 0.52 0.11 0.51
0.41 0.04 0.36 0.73
0.23 0.84 0.72 0.03
0.05 0.10 0.20 0.12
0.39 0.13 0.63 0.03
0.16 0.39 0.18 0.64
0.23 0.39 0.98 0.09
0.75 0.87 0.59 0.51
0.37 0.60 0.49 0.33
0.60 0.65 0.70 0.76
0.59 0.81 0.95 0.67
0.82 0.29 0.14 0.04
0.68 0.37 0.79 0.37
0.39 0.80 0.52 0.09
0.26 0.19 0.25 0.59
0.12 0.09 0.68 0.85
0.81 0.61 0.33 0.56
0.37 0.02 0.09 0.86
0.70 0.41 0.83 0.47
0.13 0.12 0.06 0.16
0.58 0.56 0.77 0.90
0.36 0.76 0.07 0.03
0.53 0.20 0.78 0.01
0.49 0.50 0.00 0.75
0.72 0.33 0.62 0.15
0.15 0.37 0.49 0.59
0.85 0.52 0.36 0.14
0.93 0.26 0.98 0.51
0.84 0.06 0.42 0.92
0.17 0.72 0.84 0.65
0.49 0.44 0.52 0.33
0.86 0.91 0.69 0.06
0.59 0.47 0.29 0.42
0.79 0.84 0.20 0.39
0.06 0.01 0.83 0.43
0.87 0.72 0.94 0.77
0.82 0.43 0.61 0.39
0.46 0.23 0.73 0.41
0.26 0.82 0.87 0.11
0.81 0.03 0.59 0.69
0.89 0.87 0.07 0.46
0.90 0.95 0.76 0.54
0.48 0.49 0.33 0.57
0.66 0.50 0.23 0.28
0.65 0.07 1.00 0.60
0.82 0.60 0.37 0.39
0.44 0.39 0.73 0.76
0.02 0.97 0.69 0.49
0.23 0.85 0.50 0.06
0.75 0.06 0.67 0.25
0.01 0.80 0.79 0.09
0.08 0.09 0.86 0.42
0.06 0.46 0.24 0.78
0.37 0.14 0.19 0.79
0.60 0.95 0.06 0.90
0.33 0.31 0.59 0.95
0.55 0.90 0.88 0.90
0.34 0.37 0.05 0.97
0.50 0.63 0.10 0.64
1.00 0.74 0.57 1.00
0.25 0.26 0.24 0.43
0.71 0.95 0.25 0.55
0.11 0.80 0.95 0.71
0.25 0.60 0.93 0.69
0.67 0.09 0.99 0.83
0.45 0.86 0.95 0.29
0.14 0.44 0.59 0.86
0.71 0.64 0.01 0.22
0.28 0.56 0.60 0.42
0.20 0.07 0.55 0.89
0.42 0.33 0.63 0.06
0.47 0.30 0.81 0.85
0.71 0.85 0.33 0.46
0.88 0.72 0.68 0.46
0.14 0.30 0.62 0.82
0.48 0.47 0.09 0.97
0.46 0.65 0.47 0.41
0.57 0.29 0.85 0.56
0.46 0.47 0.78 0.51
0.89 0.36 0.80 0.17
0.77 0.00 0.37 0.42
0.41 0.72 0.55 0.30
0.05 0.30 0.42 0.10
0.68 0.52 0.13 0.13
0.05 0.87 0.20 0.36
0.64 0.54 0.07 0.22
0.46 0.93 0.92 0.93
0.35 0.60 0.40 0.93
0.51 0.29 0.19 0.31
0.38 0.21 0.77 0.05
0.16 0.83 0.50 0.51
0.59 0.81 0.65 0.96
0.58 0.99 0.86 0.46
0.51 0.82 0.17 0.27
0.68 0.03 0.21 0.62
0.68 0.73 0.30 0.82
0.67 0.15 0.37 0.78
0.04 0.01 0.98 0.39
0.40 0.39 0.28 0.08
0.68 0.98 0.98 0.63
0.88 0.18 0.12 0.66
0.81 0.75 0.48 0.53
0.97 0.49 0.04 0.71
0.10 0.57 0.04 0.31
0.93 0.05 0.09 0.89
1.00 0.09 0.38 0.83
0.96 0.99 0.70 0.13
0.98 0.28 0.28 0.42
0.35 0.54 0.63 0.76
0.99 0.71 0.31 0.72
0.47 0.35 0.12 0.73
0.57 0.70 0.55 0.79
0.63 0.47 0.74 0.91
0.11 0.63 0.99 0.77
0.64 0.49 0.88 0.38
0.78 0.75 0.94 0.27
0.07 0.73 0.09 0.16
0.12 0.33 0.34 0.52
0.53 0.80 0.79 0.71
0.85 0.42 0.99 0.11
0.23 0.80 0.11 0.01
0.69 0.90 0.55 0.39
0.45 0.53 0.83 0.11
0.46 0.30 0.89 0.72
0.10 0.70 0.91 0.70
0.48 0.18 0.73 0.19
0.98 0.08 0.50 0.45
0.96 0.45 0.21 0.97
0.52 0.06 0.78 0.44
0.94 0.66 0.83 0.77
0.95 0.75 0.04 0.45
1.00 0.00 0.53 0.03
0.90 0.31 0.84 0.40
0.95 0.39 0.74 0.84
0.05 0.53 0.24 0.17
0.07 0.85 0.54 0.05
0.93 0.68 0.92 0.92
0.39 0.16 0.43 0.20
0.42 0.67 0.76 0.61
0.67 0.60 0.08 0.89
0.71 0.26 0.15 0.93
0.71 0.84 0.99 0.53
0.45 0.22 0.13 0.38
0.11 0.94 0.80 0.52
0.51 0.77 0.70 0.79
0.34 0.48 0.00 0.83
0.36 0.66 0.03 0.48
0.38 0.76 0.61 0.73
0.52 0.12 0.86 0.76
0.38 0.87 0.47 0.27
0.14 0.34 0.03 0.07
0.56 0.83 0.98 0.42
0.19 0.27 0.94 0.18
0.99 0.79 0.44 0.32
0.05 0.87 0.07 0.42
0.08 0.88 0.09 0.81
0.89 0.79 0.75 0.41
0.13 0.98 0.69 0.12
0.77 0.96 0.72 0.62
0.96 0.54 0.86 0.15
0.89 0.89 0.86 0.70
0.89 0.14 0.79 0.35
0.94 0.01 0.69 0.91
0.05 0.00 0.54 0.46
0.61 0.10 0.11 0.25
0.38 0.14 0.45 0.67
0.72 0.53 0.34 0.60
0.32 0.25 0.34 0.50
0.22 0.06 0.60 0.29
0.03 0.53 0.50 0.41
0.70 0.21 0.23 0.10
0.94 0.18 0.73 0.08
0.70 0.00 0.37 0.04
0.67 0.63 0.30 0.99
0.64 0.35 0.88 0.41
0.88 0.23 0.30 0.34
0.73 0.79 0.76 0.47
0.42 0.49 0.18 0.30
0.57 0.11 0.11 0.95
0.90 0.08 0.88 0.41
0.79 0.46 0.84 0.94
0.04 0.99 0.41 0.01
0.78 0.75 0.80 0.33
0.19 0.62 0.64 0.55
0.42 0.23 0.27 0.32
0.46 0.65 0.65 0.24
0.57 0.12 0.88 0.95
0.56 0.96 0.61 0.17
0.65 0.91 0.23 0.55
0.80 0.86 0.30 0.42
0.44 0.96 0.96 0.32
0.32 0.35 0.78 0.79
0.13 0.12 0.99 0.48
0.45 0.24 0.64 0.11
0.99 0.39 0.78 0.63
0.41 0.45 0.57 0.82
0.19 0.68 0.44 0.40
1.00 0.96 0.83 0.58
0.38 0.91 0.55 0.79
0.53 0.44 0.74 0.03
0.61 0.35 0.42 0.30
0.75 0.31 0.74 0.53
0.90 0.88 0.86 0.37
0.47 0.03 0.54 0.38
0.51 0.64 0.19 0.49
0.84 0.74 0.26 0.14
0.37 0.52 0.92 0.71
0.82 0.27 0.22 0.93
0.06 0.92 0.54 0.22
0.99 0.41 0.20 0.51
0.43 0.70 0.23 0.11
0.16 0.55 0.38 0.98
0.32 0.80 0.43 0.46
0.62 0.47 0.66 0.87
0.02 0.97 0.04 0.78
0.14 0.35 0.11 0.39
0.81 0.65 0.44 0.16
0.00 0.82 0.29 0.20
0.71 0.45 0.30 0.01
0.85 0.21 0.66 0.17
0.84 0.41 0.20 0.57
0.77 0.53 0.63 0.76
0.26 0.39 0.00 0.47
0.69 0.92 0.09 0.74
0.80 0.18 0.19 0.23
0.78 0.50 0.18 0.70
0.57 0.89 0.38 0.97
0.29 0.01 0.28 0.14
0.43 0.51 0.52 1.00
0.78 0.88 0.56 0.35
0.96 0.46 0.23 0.42
0.40 0.11 0.98 0.49
0.72 0.51 0.13 0.11
0.27 0.20 0.59 1.00
0.86 0.66 0.75 0.28
0.37 0.22 0.34 0.82
0.88 0.26 0.57 0.01
0.77 0.68 0.24 0.50
0.87 0.72 0.28 0.23
0.05 0.81 0.69 0.51
0.37 0.26 1.00 0.78
0.94 0.43 0.79 0.99
0.32 0.89 0.03 0.19
0.95 0.03 0.86 0.15
0.30 0.75 0.93 0.29
0.51 0.76 0.26 0.29
0.61 0.93 0.22 0.19
0.33 0.89 0.20 0.86
0.43 0.33 0.20 0.80
0.71 0.61 0.75 0.74
0.75 0.95 0.37 0.35
0.39 0.84 0.74 0.06
0.34 0.39 0.08 0.59
0.20 0.27 0.67 0.37
0.71 0.75 0.18 0.29
0.25 0.24 0.39 0.34
0.72 0.05 0.67 0.12
0.58 0.24 0.44 0.67
0.17 0.73 0.93 0.56
0.28 0.03 0.21 0.97
0.34 0.01 0.67 0.06
0.09 0.33 0.40 0.25
0.95 0.59 0.37 0.05
0.97 0.32 0.77 0.01
0.43 0.02 0.88 0.42
0.70 0.07 0.61 0.83
0.97 0.77 0.62 0.29
0.21 0.26 0.64 0.10
0.29 0.26 0.87 0.10
0.66 0.70 0.62 0.95
0.79 0.70 0.12 0.68
0.72 0.07 0.44 0.98
0.81 0.24 0.69 0.05
0.52 0.84 0.92 0.75
0.15 0.37 0.29 0.11
0.16 0.51 0.09 0.77
0.48 0.32 0.63 0.14
0.60 0.12 0.01 0.17
0.35 0.21 0.31 0.39
0.21 0.18 0.77 0.81
0.15 0.61 0.85 0.53
0.47 0.82 0.20 0.81
0.82 0.25 0.42 0.34
0.70 0.12 0.12 0.17
0.79 1.00 0.73 0.23
0.27 0.90 0.66 0.79
0.37 0.24 0.12 0.90
0.08 0.62 0.50 1.00
0.86 0.30 0.25 0.56
0.58 0.31 0.50 0.09
0.96 0.94 0.39 0.89
0.60 0.07 0.27 0.11
0.88 0.01 0.45 0.01
0.68 0.84 0.41 0.09
0.35 0.73 0.42 0.96
0.69 0.98 0.82 0.71
0.83 0.19 0.99 0.05
0.42 0.70 0.65 0.83
0.77 0.07 0.75 0.40
0.57 0.38 0.71 0.08
0.45 0.02 0.52 0.65
0.11 0.29 0.98 0.14
0.95 0.15 0.48 0.05
0.46 0.47 0.94 0.75
0.95 0.94 0.53 0.16
0.11 0.30 0.86 0.16
0.75 0.96 0.32 0.75
0.69 1.00 0.60 0.79
0.14 0.43 0.05 0.57
0.47 0.95 0.12 0.05
0.43 0.91 0.04 0.63
0.80 0.46 0.75 0.88
0.92 0.53 0.53 0.67
0.28 0.42 0.91 0.22
0.61 0.24 0.14 0.18
0.01 0.10 0.85 0.83
0.15 0.25 0.48 0.63
0.72 0.04 0.61 0.56
0.52 0.05 0.73 0.07
0.88 0.48 0.71 0.99
0.04 0.43 0.12 0.53
1.00 0.20 0.36 0.36
0.33 0.94 0.50 0.36
0.26 0.96 0.47 0.05
0.15 0.69 0.80 0.64
0.67 0.26 0.78 0.39
0.57 0.87 0.25 0.18
0.49 0.31 0.07 0.29
0.15 0.07 0.07 0.77
0.33 0.38 0.95 0.68
0.71 0.64 0.81 0.30
0.18 0.34 0.41 0.11
0.63 0.40 0.90 0.76
0.75 0.59 0.06 0.69
0.88 0.53 0.72 0.75
0.25 0.05 0.76 0.49
0.57 0.17 0.72 0.77
0.85 0.75 0.34 0.31
0.74 0.30 0.52 0.78
0.93 0.03 0.26 0.76
0.48 0.98 0.34 0.34
0.39 0.83 0.09 0.62
0.62 0.29 0.18 0.49
0.00 0.23 0.79 0.51
0.37 0.53 0.91 0.30
0.56 0.62 0.36 0.76
0.25 0.18 0.80 0.48
0.32 0.35 0.31 0.75
0.95 0.28 0.08 0.13
0.32 0.42 0.68 0.35
0.56 0.58 0.60 0.14
0.86 0.84 0.64 0.85
0.06 0.74 0.65 0.65
0.17 0.12 0.85 0.13
0.05 0.42 0.19 0.76
0.88 0.68 0.99 0.74
0.14 0.31 0.49 0.88
0.98 0.57 0.46 0.60
0.09 0.23 0.05 0.43
0.92 0.12 0.86 0.05
0.26 0.54 0.25 0.72
0.47 0.92 1.00 0.82
0.44 0.15 0.35 0.35
0.15 0.41 0.98 0.27
0.65 0.27 0.70 0.04
0.27 0.55 0.35 0.11
0.50 0.83 0.23 0.29
0.73 0.94 0.01 0.36
1.00 0.04 0.01 0.68
0.16 0.53 0.51 0.20
0.01 0.80 0.71 0.25
0.14 0.43 0.43 0.60
0.50 0.36 0.97 0.10
1.00 0.12 0.74 0.29
0.70 0.68 0.02 0.37
0.58 0.46 0.29 0.27
0.11 0.08 0.75 0.88
0.42 0.05 0.76 0.98
0.60 0.94 0.60 0.77
0.49 0.93 0.65 0.90
0.42 0.26 0.96 0.45
0.15 0.70 0.70 0.98
0.98 0.34 0.47 0.28
0.08 0.86 0.86 0.92
0.46 0.08 0.61 0.30
0.85 0.80 0.16 0.24
0.89 0.27 0.44 0.66
0.84 0.91 0.25 0.94
0.86 0.08 0.36 0.55
0.75 0.18 0.28 0.28
0.50 0.38 0.43 0.41
0.02 0.15 0.14 0.66
0.39 0.54 0.31 0.85
0.07 0.29 0.76 0.43
0.59 0.62 0.84 0.21
0.56 0.58 0.86 0.81
0.17 0.23 0.68 0.72
0.07 0.68 0.16 0.50
0.88 0.32 0.62 0.56
0.62 0.77 0.68 0.80
0.38 0.58 0.20 0.94
0.41 0.95 0.61 0.27
0.41 0.65 0.42 0.20
0.19 0.75 0.59 0.87
0.36 0.72 0.97 0.25
0.71 0.46 0.46 0.79
0.72 0.61 0.13 0.55
0.53 0.94 0.03 0.52
0.74 0.74 0.69 0.99
0.27 0.21 0.69 0.31
0.73 0.88 0.65 0.16
0.04 0.01 0.07 0.14
0.01 0.03 0.30 0.35
0.41 0.21 0.62 0.18
0.53 0.22 0.54 0.15
0.31 0.08 0.03 0.18
0.67 0.41 0.21 0.79
0.22 0.97 0.02 0.73
0.88 0.61 0.85 0.02
0.52 0.74 0.94 0.87
0.04 0.80 0.93 0.19
0.55 1.00 0.51 0.26
0.67 0.48 0.67 0.58
0.78 0.55 0.43 0.77
0.86 0.03 0.58 0.74
0.44 0.31 0.40 0.07
0.28 0.01 0.86 0.53
0.96 0.74 0.51 0.73
0.04 0.31 0.81 0.58
0.42 0.15 0.42 0.29
0.06 0.75 0.57 0.92
0.26 0.08 0.89 0.49
0.27 0.33 0.46 0.52
0.68 0.71 0.36 0.80
0.24 0.90 0.96 0.65
0.89 0.22 0.59 0.53
0.67 0.56 0.96 0.88
0.68 0.42 0.06 0.29
0.61 0.51 0.65 0.20
0.18 0.31 0.84 0.95
0.71 0.37 0.51 0.88
0.02 0.66 0.17 0.83
0.03 0.44 0.71 0.04
0.22 0.84 0.66 0.87
0.21 0.16 0.82 0.88
0.37 0.58 0.60 0.30
0.61 0.35 0.93 0.18
0.51 0.36 0.33 0.57
0.22 0.92 0.73 0.60
0.82 0.07 0.91 0.35
0.02 0.95 0.99 0.32
0.46 0.32 0.03 0.27
0.59 0.55 0.78 0.38
0.46 0.86 0.64 0.86
0.84 0.97 0.10 0.81
0.82 0.96 0.04 0.27
0.05 0.53 0.67 0.61
0.52 0.86 0.43 0.61
0.80 0.69 0.24 1.00
0.72 0.78 0.29 0.75
0.67 0.36 0.10 0.56
0.42 0.06 0.38 0.17
0.41 0.59 0.16 0.08
0.26 0.18 0.11 0.07
0.23 0.71 0.73 0.05
0.62 0.91 0.49 0.23
0.77 0.89 0.99 0.85
0.07 0.54 0.58 0.44
0.07 0.85 0.89 0.68
0.50 0.49 0.07 0.79
0.09 0.25 0.93 0.82
0.47 0.73 0.28 0.25
0.17 0.56 0.26 0.14
0.29 0.16 0.88 0.56
0.20 0.76 0.10 0.35
0.77 0.79 0.01 0.58
0.08 0.82 0.47 0.71
0.65 0.30 0.32 0.21
0.89 0.02 0.95 0.82
0.48 0.41 0.12 0.05
0.69 0.79 0.99 0.52
0.41 0.99 0.76 0.49
0.48 0.51 0.61 0.58
0.25 0.65 0.12 0.29
0.66 0.56 0.14 0.11
0.96 0.55 0.60 0.22
0.16 0.04 0.74 0.22
0.20 0.32 0.69 0.41
0.49 0.16 0.89 0.13
0.08 0.85 0.96 0.50
0.02 0.66 0.63 0.42
0.57 0.08 0.35 0.26
0.22 0.82 0.75 0.98
0.90 0.43 0.70 0.36
0.33 0.59 0.65 0.66
0.32 0.61 0.75 0.86
0.69 0.05 0.80 0.96
0.31 0.13 0.27 0.22
0.68 0.15 0.85 0.47
0.36 0.55 0.43 0.61
0.08 0.54 0.35 0.91
0.52 0.46 0.60 0.53
0.28 0.96 0.18 0.23
0.10 0.86 0.53 0.93
0.79 0.94 0.39 0.22
0.58 0.67 0.51 0.40
0.58 0.61 0.58 0.00
