0.99 0.27 0.20 0.95
0.84 0.70 0.96 0.86
0.72 0.89 0.14 0.21
0.09 0.00 0.79 0.88
0.73 0.11 0.92 0.01
0.99 0.04 0.29 0.53
0.02 0.60 0.45 0.20
0.58 0.96 0.58 0.54
0.51 0.75 0.68 0.98
0.97 0.82 0.37 0.19
0.95 0.94 0.53 0.57
0.74 0.39 0.53 0.58
0.42 0.54 0.55 0.68
0.25 0.68 0.93 0.62
0.90 0.62 0.99 0.78
1.00 0.84 0.49 0.93
0.73 0.39 0.47 0.08
0.94 0.67 0.21 0.75
0.70 0.96 0.33 0.91
0.61 0.69 0.41 0.11
0.27 0.58 0.56 0.57
0.94 0.23 0.77 0.87
0.43 0.46 0.32 0.71
0.53 0.04 0.02 0.99
0.22 0.51 0.83 0.51
0.14 0.61 0.74 0.14
0.21 0.62 0.05 0.15
0.78 0.91 0.52 0.42
0.50 0.29 0.47 0.97
0.74 0.43 0.86 0.26
0.12 0.16 0.91 0.00
0.58 0.92 0.61 0.31
0.77 0.24 0.76 0.37
0.91 0.57 0.14 0.05
0.28 0.23 0.51 0.18
0.37 0.78 0.10 0.04
0.20 0.46 0.07 0.97
0.96 0.67 0.08 0.31
0.79 0.60 0.76 0.93
0.68 0.44 0.36 0.81
0.76 0.28 0.18 0.18
0.00 0.38 0.79 0.33
0.26 0.17 0.07 0.71
0.23 0.43 0.68 0.10
0.38 0.06 0.03 0.24
0.88 0.93 0.98 0.04
0.52 0.08 0.99 0.91
0.08 0.47 0.67 0.77
0.17 0.08 0.64 0.04
0.76 0.62 0.27 0.35
0.66 0.59 0.16 0.93
0.00 0.59 0.17 0.24
0.58 0.15 0.97 0.65
0.97 0.50 0.51 0.83
0.93 0.99 0.05 0.86
0.01 0.03 0.76 0.57
0.69 0.21 0.25 0.19
0.22 0.94 0.59 0.54
0.96 0.76 0.40 0.28
0.82 0.76 0.74 0.27
0.29 0.50 0.50 0.45
0.59 0.93 0.08 0.64
0.18 1.00 0.66 0.29
0.92 0.83 0.25 0.78
0.50 0.63 0.40 0.14
0.64 0.17 0.67 0.02
0.34 0.81 0.29 0.38
0.44 0.50 0.61 0.12
0.84 0.89 0.32 0.93
0.39 0.58 0.17 0.01
0.30 0.83 0.26 0.53
0.69 0.41 0.52 0.40
0.62 0.35 0.00 0.11
0.30 0.48 0.13 0.94
0.02 0.81 0.12 0.83
0.61 0.02 0.20 0.70
0.58 0.69 0.00 0.20
0.33 0.61 0.52 0.51
0.66 0.90 0.85 0.17
0.45 0.31 0.50 0.81
0.33 0.26 0.44 0.75
0.86 0.73 0.14 0.65
0.20 0.75 0.77 0.29
0.42 0.18 0.17 0.99
0.33 0.51 0.78 0.68
0.82 0.42 0.83 0.41
0.59 0.52 0.93 0.46
0.20 0.21 0.49 0.53
0.26 0.81 0.08 0.57
0.25 0.30 0.20 0.17
0.61 0.28 0.01 0.24
0.56 0.11 0.20 0.88
0.71 0.46 0.72 0.32
0.25 0.18 0.85 0.24
0.89 0.93 0.72 0.82
0.14 0.78 0.73 0.31
0.99 0.79 0.59 0.01
0.65 0.08 0.46 0.13
0.69 0.96 0.69 0.89
0.41 0.88 0.02 0.96
