0.08 0.80
0.33 0.89
0.54 0.23
0.82 0.17
0.58 0.79
0.25 0.94
0.11 0.34
0.71 0.18
0.94 0.58
0.84 0.89
0.70 0.53
0.72 0.39
0.00 0.62
0.02 0.45
0.19 0.44
0.28 0.71
0.68 0.24
0.86 0.17
0.93 0.44
0.45 1.00
0.29 0.15
0.17 0.10
0.19 0.60
0.90 0.31
0.02 0.44
0.30 0.11
0.68 0.84
0.47 0.64
0.97 0.77
1.00 0.07
0.42 0.92
0.32 0.97
0.77 0.92
0.39 0.22
0.37 0.86
0.10 0.08
0.76 0.10
0.01 0.35
0.68 0.00
0.84 0.61
0.36 0.37
0.84 0.53
0.56 0.39
0.24 0.25
0.89 0.32
0.00 0.90
0.60 0.31
0.31 0.50
0.96 0.90
0.57 0.43
0.62 0.41
0.40 0.54
0.01 0.26
0.08 0.26
0.19 0.57
0.01 0.74
0.13 0.78
0.45 0.91
0.02 0.09
0.60 0.03
0.34 0.07
0.20 0.55
0.79 0.79
0.18 0.76
0.26 0.97
0.67 0.73
0.54 0.47
0.44 0.97
0.59 0.73
0.18 0.25
0.29 0.64
0.52 0.68
0.23 0.53
0.98 0.75
0.34 0.08
0.93 0.63
0.01 0.34
0.58 0.60
0.55 0.49
0.10 0.08
0.69 0.73
0.08 0.69
0.52 0.20
0.58 0.26
0.25 0.79
0.71 0.84
0.09 0.80
0.29 0.78
0.83 0.68
0.24 0.88
0.19 0.36
0.26 0.42
0.84 0.27
0.41 0.97
0.33 0.98
0.37 0.66
0.78 0.13
0.90 0.76
0.80 0.26
0.29 0.26
