0.03 0.89 0.20 0.21 0.43
0.75 0.47 0.30 0.99 0.00
0.67 0.10 0.16 0.05 0.07
0.53 0.53 0.87 0.76 0.47
0.91 0.54 0.62 0.09 0.64
0.44 0.11 0.46 0.50 0.70
0.41 0.07 0.16 0.89 0.95
0.50 0.09 0.10 0.19 0.49
0.60 0.37 0.43 0.25 0.24
0.40 0.47 0.06 0.41 0.40
0.93 0.33 0.28 0.00 0.61
0.79 0.75 0.14 0.29 0.03
0.23 0.97 0.05 0.94 0.26
0.21 0.70 0.30 1.00 0.84
0.75 0.21 0.13 0.59 0.89
0.75 0.68 0.61 0.04 0.91
0.43 0.49 0.55 0.48 0.04
0.06 0.17 0.76 0.24 0.59
0.47 0.76 0.36 0.14 0.07
0.93 0.06 0.96 0.97 0.07
0.13 0.22 0.93 0.10 0.91
0.40 0.32 0.28 0.87 0.94
0.66 0.69 0.43 0.47 0.86
0.00 0.53 0.33 0.13 0.82
0.30 0.17 0.13 0.59 0.05
0.88 0.42 0.38 0.91 0.14
0.24 0.56 0.52 0.50 0.13
0.37 0.28 0.37 0.01 0.96
0.56 0.06 0.00 0.94 0.23
0.56 0.95 0.07 0.57 0.03
0.50 1.00 0.45 0.29 0.17
0.22 0.41 0.40 0.86 0.58
0.94 0.19 0.94 0.04 0.94
0.26 0.57 0.57 0.89 0.70
0.43 0.54 0.47 0.70 0.56
0.76 0.79 0.58 0.57 0.32
0.37 0.88 0.48 0.35 0.88
0.87 0.82 0.17 0.21 0.91
0.26 0.70 0.33 0.24 0.98
0.90 0.01 0.46 0.75 0.80
0.40 0.27 0.21 0.60 0.37
0.69 0.09 0.28 0.50 0.87
0.66 0.86 0.50 0.04 0.45
0.85 0.02 0.33 0.90 0.22
0.70 0.86 0.96 0.23 0.69
0.64 0.51 0.53 0.13 0.47
0.39 0.02 0.93 0.55 0.82
0.63 0.93 0.99 0.36 0.46
0.12 0.06 1.00 0.17 0.56
0.76 0.52 0.65 0.12 0.44
0.00 0.96 0.55 0.93 0.94
0.79 0.52 0.75 0.67 0.71
0.80 0.80 0.19 0.77 0.97
0.19 0.86 0.60 0.37 0.49
0.72 0.24 0.20 0.74 0.48
0.57 0.19 0.84 0.76 0.24
0.99 0.08 0.68 0.13 0.94
0.67 0.97 0.39 0.97 0.70
0.85 0.29 0.28 0.96 0.84
0.77 0.78 0.57 0.52 0.53
0.42 0.84 0.64 0.47 0.40
0.81 0.52 0.42 0.56 0.45
0.41 0.73 0.16 0.89 0.86
0.70 0.23 0.74 0.77 0.44
0.55 0.91 0.68 0.82 0.02
0.98 0.99 0.08 0.55 0.65
0.60 0.73 0.37 0.05 0.39
0.25 0.19 0.33 0.34 0.53
0.55 0.36 0.17 0.50 0.11
0.36 0.23 0.22 0.92 0.92
0.48 0.93 0.04 0.58 0.04
0.39 0.50 0.91 0.02 0.30
0.77 0.28 0.86 0.77 0.40
0.66 0.45 0.53 0.93 0.14
0.65 0.45 0.29 0.78 0.65
0.24 0.79 0.92 0.81 0.87
0.35 0.14 0.37 0.83 0.96
0.13 0.43 0.38 0.89 0.67
0.11 0.38 0.84 0.10 0.06
0.06 0.32 0.82 0.95 0.25
0.38 0.13 0.58 0.97 0.54
0.42 0.12 0.22 0.07 0.60
0.48 0.68 0.06 0.66 0.38
0.54 0.49 0.62 0.93 0.78
0.41 0.97 0.14 0.44 0.10
0.82 0.92 0.78 0.94 0.81
0.96 0.67 0.72 0.49 0.19
0.16 0.42 0.12 0.37 0.82
0.96 0.78 0.08 0.95 0.42
0.78 0.69 0.18 0.43 0.55
0.37 0.41 0.26 0.34 0.40
0.46 0.90 0.34 0.66 0.87
0.01 0.12 0.71 0.89 0.67
0.65 0.01 0.41 0.11 0.36
0.47 0.71 0.38 0.18 0.57
0.21 0.86 0.92 0.12 0.49
0.07 0.02 0.76 0.95 0.67
0.66 0.00 0.32 0.38 0.81
0.41 0.72 0.87 0.09 0.37
0.43 0.73 0.17 0.88 0.99
