0.13 0.82
0.85 0.85
0.58 0.05
0.77 0.77
0.41 0.54
0.56 0.20
0.01 0.12
0.31 0.01
0.01 0.85
0.41 0.02
0.13 0.34
0.24 0.72
0.63 0.86
0.11 0.64
0.59 0.12
0.09 0.50
0.25 0.04
0.28 0.06
0.22 0.38
0.47 0.76
0.19 0.83
0.14 0.18
0.55 0.83
0.33 0.56
0.21 0.32
0.58 0.21
0.19 0.75
0.14 0.27
0.58 0.46
0.28 0.61
0.69 0.83
0.47 0.13
0.77 0.49
0.64 0.94
0.70 0.95
0.52 0.57
0.93 0.13
0.74 0.57
0.16 0.48
0.99 0.90
0.05 0.02
0.90 0.54
0.59 0.04
0.51 0.40
0.76 0.15
0.39 0.20
0.94 0.82
0.99 0.19
0.90 0.79
0.06 0.15
0.32 0.00
0.10 0.95
0.30 1.00
0.22 0.63
0.94 0.71
0.81 0.15
0.62 0.67
0.41 0.31
0.92 0.92
0.30 0.78
0.76 0.25
0.06 0.30
0.76 0.74
0.35 0.94
0.29 0.29
0.22 0.70
0.45 0.31
0.47 0.56
0.38 0.25
0.56 0.50
0.87 0.36
0.17 0.85
0.89 0.23
0.55 0.51
0.12 0.88
0.95 0.31
0.91 0.95
0.32 0.33
0.41 0.97
0.01 0.78
0.00 0.88
0.59 0.66
0.38 0.64
0.25 0.49
0.97 0.09
0.85 0.14
0.07 0.87
0.84 0.64
0.14 0.63
0.24 0.94
0.92 0.31
0.38 0.04
0.13 0.35
0.91 0.23
0.01 0.56
0.53 0.29
0.91 0.18
0.20 0.81
0.28 0.49
0.75 0.14
0.55 0.90
0.67 0.69
0.35 0.05
0.33 0.53
0.70 0.30
0.21 0.49
0.34 0.43
0.85 0.57
0.95 0.62
0.07 0.21
0.24 0.87
1.00 0.28
0.16 0.65
0.10 0.63
0.27 0.62
0.39 1.00
0.12 0.31
0.40 0.38
0.26 0.02
0.01 0.18
0.98 0.17
0.56 0.09
0.65 0.54
0.12 0.79
0.23 0.46
0.27 0.82
0.34 0.04
0.27 0.20
0.36 0.08
0.02 0.52
0.34 0.29
0.69 0.24
0.23 0.22
0.11 0.07
0.61 0.43
0.81 0.89
0.18 0.37
0.49 0.11
0.18 0.13
0.75 0.09
0.77 0.06
0.58 0.43
0.37 0.12
0.16 0.19
0.15 0.70
0.55 0.31
0.17 0.38
0.44 0.92
0.55 0.92
0.34 0.01
0.67 0.55
0.05 0.30
0.75 0.87
0.87 0.02
0.07 0.62
0.37 0.40
0.76 0.11
0.88 0.44
0.02 0.35
0.63 0.17
0.24 0.97
0.51 0.86
0.71 0.04
0.40 0.38
0.63 0.02
0.83 0.36
0.71 0.19
0.13 0.06
0.58 0.59
0.81 0.20
0.94 0.30
0.28 0.46
0.62 0.03
0.00 0.43
0.41 0.71
0.09 0.87
0.47 0.79
0.25 0.06
0.55 0.44
0.68 0.32
0.88 0.71
0.43 0.43
0.33 0.77
0.20 0.51
0.85 0.17
0.77 0.81
0.09 0.96
0.41 0.09
0.47 0.84
0.47 0.83
0.88 0.82
0.40 0.20
0.94 0.44
0.66 0.79
0.41 0.90
0.48 0.34
0.47 1.00
0.77 0.44
0.15 0.33
0.14 0.03
0.49 0.87
0.14 0.11
0.61 0.58
0.49 0.10
0.99 0.36
0.42 0.34
0.14 0.15
0.59 0.89
0.06 0.65
0.41 0.62
0.21 0.88
0.58 0.50
0.00 0.41
0.43 0.96
0.81 0.88
0.20 0.88
0.67 0.31
0.96 0.94
0.34 0.46
0.90 0.76
0.19 0.95
0.56 0.49
0.30 0.40
0.15 0.75
0.05 0.24
0.38 0.98
0.25 0.42
0.64 0.54
0.56 0.59
0.47 0.00
0.00 0.38
0.46 0.02
0.12 0.60
0.38 0.47
0.08 0.84
0.37 0.24
0.64 0.46
0.39 0.57
0.42 0.81
0.18 0.33
0.99 0.81
0.37 0.37
0.76 0.23
0.63 0.69
0.47 0.56
0.78 0.85
0.92 0.44
0.59 0.95
0.96 0.88
0.17 0.37
0.39 0.72
0.66 0.48
0.58 0.89
0.68 0.60
0.61 0.59
0.11 0.04
0.17 0.78
0.89 0.03
0.15 0.41
0.82 0.24
0.57 0.72
0.26 0.19
0.26 0.07
0.83 0.25
0.63 0.56
0.67 0.96
0.61 0.04
0.32 0.61
0.63 0.36
0.74 0.47
0.10 0.78
0.27 0.41
0.91 0.12
0.14 0.61
0.31 0.27
0.87 0.92
0.09 0.94
0.89 0.52
0.79 0.43
0.27 0.15
0.09 0.71
0.34 0.50
0.99 0.02
0.29 0.52
0.22 0.02
0.26 0.01
0.45 0.32
0.60 0.45
0.65 0.54
0.46 0.22
0.94 0.81
0.57 0.77
0.09 0.75
0.42 0.07
0.79 0.10
0.55 0.63
0.56 0.32
0.50 0.60
0.94 0.07
0.69 0.14
0.41 0.23
0.23 0.39
0.41 0.68
0.20 0.16
0.94 0.95
0.44 0.60
0.90 0.97
0.34 0.11
0.80 0.64
0.17 0.52
0.64 0.58
0.84 0.37
0.75 0.14
0.35 0.99
0.73 0.31
0.38 0.43
0.51 0.06
0.70 0.09
0.34 0.35
0.92 0.76
0.42 0.29
0.17 0.89
0.43 0.67
0.86 0.40
0.12 0.17
0.80 0.22
0.31 0.59
0.06 0.83
0.46 0.91
0.40 0.84
0.35 0.16
0.21 0.92
0.56 0.22
0.16 0.36
0.29 0.11
0.89 0.19
0.22 0.53
0.99 0.39
0.27 0.11
0.55 0.86
0.99 0.77
0.98 0.75
0.51 0.09
0.05 0.23
0.03 0.23
0.91 0.63
0.72 0.45
0.74 0.85
0.16 0.06
0.66 0.19
0.23 0.50
0.65 0.67
0.29 0.81
0.50 0.36
0.08 0.06
0.79 0.88
0.84 0.44
0.18 0.22
0.62 0.31
0.42 0.72
0.49 0.85
0.48 0.59
0.25 0.54
0.74 0.30
0.15 0.82
0.28 0.05
0.65 0.38
0.78 0.23
0.58 0.66
0.07 0.12
0.40 0.04
0.93 0.47
0.61 0.84
0.00 0.70
0.01 0.01
0.66 0.74
0.85 0.24
0.69 0.43
0.53 0.20
0.05 0.97
0.30 0.98
0.44 0.66
0.31 0.47
0.65 0.43
0.87 0.40
0.41 0.51
0.77 0.33
0.80 0.86
0.46 0.16
0.99 0.17
0.57 0.08
0.71 0.60
0.14 0.08
0.39 0.44
0.71 0.21
0.74 0.50
0.70 0.72
0.32 0.81
0.99 0.78
0.57 0.05
0.06 0.87
0.87 0.18
0.58 0.16
0.68 0.53
0.03 0.68
0.52 0.99
0.45 0.62
0.59 0.43
0.55 0.96
0.75 0.21
0.87 0.72
0.89 0.71
0.81 0.23
0.99 0.32
0.60 0.45
0.29 0.93
0.09 0.33
0.43 0.32
0.77 0.01
0.78 0.89
0.03 0.70
0.10 0.89
0.90 0.02
0.39 0.57
0.58 0.22
0.07 0.44
0.75 0.90
0.01 0.66
0.21 0.92
0.68 0.02
0.65 0.89
0.92 0.50
0.71 0.09
0.77 0.14
0.52 0.21
0.48 0.50
0.56 0.05
0.62 0.80
0.92 0.53
0.95 0.68
0.44 0.85
0.87 0.07
0.24 0.08
0.95 0.11
0.17 0.85
0.58 0.55
0.65 0.81
0.31 0.72
0.20 0.16
0.68 0.83
0.46 0.50
0.10 0.06
0.92 0.58
0.63 0.39
0.29 0.62
0.54 0.57
0.01 0.51
0.21 0.59
0.42 0.47
0.12 0.57
0.22 0.24
0.23 0.31
0.38 0.35
0.35 0.83
0.22 0.15
0.31 0.75
0.51 0.69
0.54 0.17
0.52 0.45
0.66 0.08
0.26 0.75
0.27 0.37
0.98 0.07
0.57 0.96
0.93 0.37
0.54 0.20
0.89 0.31
0.82 0.84
0.06 0.50
0.49 0.61
0.27 0.25
0.39 0.46
0.76 0.73
0.14 0.96
0.71 0.11
0.21 0.48
0.32 0.11
0.11 0.96
0.36 0.60
0.93 0.12
0.50 0.10
0.99 0.14
0.52 0.15
0.28 0.66
0.71 0.71
0.13 0.62
0.84 0.41
0.81 0.44
0.60 0.42
0.68 0.59
0.16 0.04
0.21 0.32
0.25 0.40
0.77 0.38
0.33 0.01
0.61 0.05
0.68 0.64
0.51 0.09
0.88 0.78
0.85 0.45
0.97 0.58
0.44 0.72
0.32 0.03
0.86 0.63
0.34 0.90
0.50 0.69
0.16 0.61
0.30 0.61
0.09 0.04
0.45 0.70
0.31 0.07
0.05 0.17
0.57 0.01
0.61 0.56
0.22 0.66
0.65 0.57
0.15 0.32
0.38 0.21
0.70 0.45
0.38 0.38
0.88 0.56
0.01 0.03
1.00 0.77
0.46 0.27
0.86 0.82
0.62 0.41
0.81 0.05
0.99 0.40
0.97 0.48
0.81 0.52
0.48 0.74
0.33 0.03
0.57 0.66
0.49 0.87
0.29 0.86
0.96 0.34
0.80 0.28
0.03 0.09
0.20 0.71
0.19 0.57
0.12 0.28
0.22 0.36
0.96 0.98
0.27 0.17
0.94 0.32
0.54 0.36
0.97 0.49
0.92 0.87
0.55 0.40
0.48 0.25
0.40 0.03
0.74 0.75
0.71 0.54
0.94 0.58
0.11 0.39
0.17 0.05
0.78 0.01
0.96 0.72
0.36 0.38
0.15 0.32
0.58 0.23
0.28 0.52
0.40 0.55
0.73 0.63
0.67 0.50
0.97 0.57
0.12 0.26
0.15 0.87
0.82 0.95
0.27 0.33
0.44 0.72
0.23 0.96
0.33 0.56
0.46 0.29
0.04 0.17
0.51 0.86
0.50 0.06
0.76 0.06
0.27 0.85
0.77 0.22
0.31 0.33
0.74 0.67
0.45 0.75
0.69 0.93
0.05 0.60
0.32 0.39
0.74 0.27
0.68 0.82
0.58 0.95
0.21 0.36
0.56 0.28
0.04 0.81
1.00 0.73
0.97 0.03
0.87 0.49
0.49 0.86
0.14 0.76
0.59 0.04
0.53 0.39
0.68 0.05
0.08 0.44
0.69 0.51
0.29 0.40
0.00 0.26
0.43 0.50
0.41 0.70
0.23 0.45
0.12 0.39
0.99 0.50
0.82 0.90
0.52 0.17
0.20 0.25
0.09 0.25
0.06 0.22
0.27 0.31
0.08 0.28
0.41 0.32
0.27 0.18
0.61 0.52
0.77 0.08
0.07 0.01
0.53 0.27
0.22 0.25
0.51 0.46
0.18 0.50
0.19 0.72
0.75 0.95
0.25 0.62
0.44 0.74
0.83 0.99
0.87 0.88
0.47 0.00
0.01 0.21
0.85 0.65
0.71 0.41
0.07 0.85
0.86 0.79
0.24 0.97
0.97 0.40
0.11 0.68
0.49 0.46
0.91 0.65
0.83 0.53
0.34 0.75
0.07 0.02
0.78 0.89
0.30 0.05
0.20 0.36
0.20 0.37
0.57 0.36
0.68 0.10
0.33 0.92
0.58 0.09
0.40 0.05
0.97 0.69
0.44 0.55
0.07 0.42
0.03 0.38
0.32 0.06
0.15 0.87
0.88 0.20
0.15 0.52
0.26 0.40
0.78 0.75
0.33 0.11
0.70 0.93
0.67 0.87
0.25 0.01
1.00 0.12
0.69 0.51
0.16 0.35
0.28 0.70
0.92 0.07
0.34 0.16
0.39 0.71
0.02 0.74
0.20 0.64
0.35 0.43
0.04 0.28
0.32 0.13
0.73 0.20
0.96 0.91
0.68 0.19
0.01 0.43
0.08 0.75
0.32 0.22
0.20 0.77
0.65 0.40
0.45 0.55
0.77 0.96
0.14 0.51
0.37 0.96
0.49 0.62
0.06 0.73
0.99 0.86
0.84 0.72
0.39 0.42
0.79 0.07
0.32 0.44
0.35 0.12
0.71 0.80
0.62 0.83
0.38 0.47
0.56 0.79
0.73 0.49
0.47 0.35
0.69 0.86
0.59 0.84
0.90 0.05
0.50 0.09
0.47 0.27
0.70 0.79
0.00 0.71
0.50 0.76
0.61 0.48
0.41 0.85
0.42 0.79
0.68 0.56
0.40 0.67
1.00 0.69
0.62 0.27
0.38 0.01
0.85 0.24
0.92 0.73
0.59 0.15
0.78 0.54
0.25 0.10
0.85 0.58
0.78 0.20
0.47 0.76
0.12 0.19
0.94 0.64
0.03 0.91
0.40 0.36
0.17 0.64
0.40 0.21
0.38 0.26
0.74 0.13
0.24 0.07
0.91 0.19
0.36 0.07
0.73 0.99
0.98 0.62
0.43 0.97
0.77 0.12
0.65 0.50
0.52 0.61
0.98 0.43
0.61 0.70
0.17 0.43
0.34 0.72
0.83 0.35
0.08 0.14
0.08 0.17
0.11 0.09
0.69 0.13
0.31 0.75
0.62 0.12
0.20 0.88
0.23 0.35
0.35 0.03
0.97 0.92
0.37 0.46
0.30 0.56
0.24 0.37
0.08 0.08
0.02 0.58
0.49 0.34
0.52 0.91
0.74 0.53
0.81 0.96
0.75 0.33
0.77 0.21
0.04 0.17
0.02 0.97
0.38 0.64
0.47 0.47
0.73 0.35
0.81 0.47
0.65 0.76
0.48 0.57
0.21 0.77
0.07 0.75
0.56 0.30
0.59 0.46
0.98 0.80
0.64 0.46
0.65 0.93
0.78 0.81
0.90 0.04
0.85 0.24
0.61 0.78
0.19 0.54
0.39 0.77
0.15 0.05
0.66 0.10
0.98 0.83
0.14 0.76
0.00 0.46
0.05 0.61
0.65 0.81
0.71 0.09
0.38 0.46
0.18 0.87
0.53 0.81
0.33 0.96
0.10 0.74
0.04 0.95
0.26 0.94
0.19 0.00
0.63 0.29
0.06 0.13
0.37 0.14
0.49 0.97
0.10 0.69
0.87 0.19
0.75 0.24
0.58 0.53
0.73 0.31
0.71 0.31
0.59 0.85
0.33 0.74
0.85 0.05
0.54 0.41
0.57 0.27
0.19 0.17
0.29 0.85
0.65 0.02
0.55 0.85
0.94 0.81
0.99 0.15
0.56 0.64
0.21 0.21
0.55 0.10
0.24 0.86
0.78 0.51
0.17 0.27
0.57 0.10
0.85 0.38
0.71 0.61
0.15 0.16
0.99 0.51
0.96 0.51
0.80 0.97
0.65 0.80
0.95 0.73
0.83 0.46
0.84 0.13
0.74 0.49
0.48 0.62
0.64 0.45
0.84 0.26
0.27 0.83
0.10 0.04
0.83 0.34
0.53 0.20
0.27 0.20
0.21 0.13
0.06 0.94
0.93 0.83
0.23 0.96
0.80 0.20
0.44 0.26
0.39 0.58
0.87 0.66
0.70 0.41
0.16 0.60
0.71 0.80
0.56 0.08
0.87 0.70
0.27 0.76
0.91 0.05
0.01 0.13
0.82 0.90
0.26 0.76
0.88 0.83
0.42 0.12
0.34 0.98
0.95 0.13
0.81 0.33
0.42 0.93
0.14 0.51
0.70 0.76
0.52 0.52
0.12 0.76
0.67 0.92
0.86 0.30
0.05 0.12
0.36 0.30
0.45 0.78
0.94 0.39
0.46 0.92
0.55 0.50
0.01 0.06
0.24 0.44
0.50 0.88
0.34 0.76
0.43 0.57
0.63 0.39
0.01 0.80
0.44 0.06
0.43 0.46
0.66 0.33
0.03 0.51
0.77 0.02
0.50 0.75
0.15 0.39
0.10 0.78
0.58 0.30
0.32 0.96
0.90 0.50
0.34 0.72
0.78 0.86
0.14 0.14
0.76 0.10
0.08 0.76
0.52 0.81
0.41 0.61
0.66 0.80
0.10 0.76
0.73 0.03
0.59 0.78
0.43 0.85
0.88 0.44
0.11 0.90
0.83 0.18
0.06 0.27
0.85 0.05
0.80 0.72
0.07 0.78
0.82 1.00
0.41 0.58
0.94 0.67
0.59 0.23
0.33 0.60
0.49 0.47
0.27 0.46
0.51 0.26
0.32 0.06
0.46 0.08
0.17 0.73
0.02 0.28
0.39 0.83
0.18 0.53
0.94 0.00
0.91 0.90
0.30 0.56
0.36 0.84
0.40 0.17
0.89 0.85
0.33 0.20
0.33 0.60
0.21 0.81
0.99 0.61
0.03 0.97
0.67 0.91
0.63 0.39
0.33 0.71
0.36 0.37
0.77 0.30
0.33 0.50
0.74 0.66
0.91 0.22
0.83 0.73
0.14 0.86
0.02 0.40
0.26 0.75
0.14 0.17
0.64 0.84
0.58 0.60
0.55 0.43
0.79 0.07
0.52 0.45
0.04 0.09
0.35 0.57
0.92 0.15
0.02 0.63
0.81 0.99
0.41 0.44
0.97 0.07
0.35 0.87
0.36 0.55
0.96 0.32
0.93 0.22
0.64 0.32
0.39 0.32
0.85 0.72
0.28 0.13
0.96 0.89
0.49 0.63
